,Results,Valeurs,Clés,K0,K1,K2,K3,K4,K5,K6,K7,K8,K9,K10,K11,K12
0,@xmlns:gco:§http://www.isotc211.org/2005/gco,http://www.isotc211.org/2005/gco,@xmlns:gco:,@xmlns:gco:,,,,,,,,,,,,
1,@xmlns:gmd:§http://www.isotc211.org/2005/gmd,http://www.isotc211.org/2005/gmd,@xmlns:gmd:,@xmlns:gmd:,,,,,,,,,,,,
2,@xmlns:gmi:§http://www.isotc211.org/2005/gmi,http://www.isotc211.org/2005/gmi,@xmlns:gmi:,@xmlns:gmi:,,,,,,,,,,,,
3,@xmlns:gml:§http://www.opengis.net/gml/3.2,http://www.opengis.net/gml/3.2,@xmlns:gml:,@xmlns:gml:,,,,,,,,,,,,
4,@xmlns:gmx:§http://www.isotc211.org/2005/gmx,http://www.isotc211.org/2005/gmx,@xmlns:gmx:,@xmlns:gmx:,,,,,,,,,,,,
5,@xmlns:gsr:§http://www.isotc211.org/2005/gsr,http://www.isotc211.org/2005/gsr,@xmlns:gsr:,@xmlns:gsr:,,,,,,,,,,,,
6,@xmlns:gts:§http://www.isotc211.org/2005/gts,http://www.isotc211.org/2005/gts,@xmlns:gts:,@xmlns:gts:,,,,,,,,,,,,
7,@xmlns:srv:§http://www.isotc211.org/2005/srv,http://www.isotc211.org/2005/srv,@xmlns:srv:,@xmlns:srv:,,,,,,,,,,,,
8,@xmlns:xlink:§http://www.w3.org/1999/xlink,http://www.w3.org/1999/xlink,@xmlns:xlink:,@xmlns:xlink:,,,,,,,,,,,,
9,@xmlns:xsi:§http://www.w3.org/2001/XMLSchema-instance,http://www.w3.org/2001/XMLSchema-instance,@xmlns:xsi:,@xmlns:xsi:,,,,,,,,,,,,
10,@xsi:schemaLocation:§http://www.isotc211.org/2005/gmd http://schemas.opengis.net/csw/2.0.2/profiles/apiso/1.0.0/apiso.xsd,http://www.isotc211.org/2005/gmd http://schemas.opengis.net/csw/2.0.2/profiles/apiso/1.0.0/apiso.xsd,@xsi:schemaLocation:,@xsi:schemaLocation:,,,,,,,,,,,,
11,gmd:fileIdentifier.gco:CharacterString.@xmlns:gco:§http://www.isotc211.org/2005/gco,http://www.isotc211.org/2005/gco,gmd:fileIdentifier£gco:CharacterString£@xmlns:gco:,gmd:fileIdentifier,gco:CharacterString,@xmlns:gco:,,,,,,,,,,
12,gmd:fileIdentifier.gco:CharacterString.#text:§4a67138d-b80c-465a-a0a7-e744a9ed2b20,4a67138d-b80c-465a-a0a7-e744a9ed2b20,gmd:fileIdentifier£gco:CharacterString£#text:,gmd:fileIdentifier,gco:CharacterString,#text:,,,,,,,,,,
13,gmd:language.@xmlns:gfc:§http://www.isotc211.org/2005/gfc,http://www.isotc211.org/2005/gfc,gmd:language£@xmlns:gfc:,gmd:language,@xmlns:gfc:,,,,,,,,,,,
14,gmd:language.gco:CharacterString.@xmlns:gco:§http://www.isotc211.org/2005/gco,http://www.isotc211.org/2005/gco,gmd:language£gco:CharacterString£@xmlns:gco:,gmd:language,gco:CharacterString,@xmlns:gco:,,,,,,,,,,
15,gmd:language.gco:CharacterString.#text:§fre,fre,gmd:language£gco:CharacterString£#text:,gmd:language,gco:CharacterString,#text:,,,,,,,,,,
16,gmd:characterSet.@xmlns:gfc:§http://www.isotc211.org/2005/gfc,http://www.isotc211.org/2005/gfc,gmd:characterSet£@xmlns:gfc:,gmd:characterSet,@xmlns:gfc:,,,,,,,,,,,
17,gmd:characterSet.gmd:MD_CharacterSetCode.@codeList:§http://standards.iso.org/iso/19139/resources/gmxCodelists.xml#MD_CharacterSetCode,http://standards.iso.org/iso/19139/resources/gmxCodelists.xml#MD_CharacterSetCode,gmd:characterSet£gmd:MD_CharacterSetCode£@codeList:,gmd:characterSet,gmd:MD_CharacterSetCode,@codeList:,,,,,,,,,,
18,gmd:characterSet.gmd:MD_CharacterSetCode.@codeListValue:§utf8,utf8,gmd:characterSet£gmd:MD_CharacterSetCode£@codeListValue:,gmd:characterSet,gmd:MD_CharacterSetCode,@codeListValue:,,,,,,,,,,
19,gmd:hierarchyLevel.@xmlns:gfc:§http://www.isotc211.org/2005/gfc,http://www.isotc211.org/2005/gfc,gmd:hierarchyLevel£@xmlns:gfc:,gmd:hierarchyLevel,@xmlns:gfc:,,,,,,,,,,,
20,gmd:hierarchyLevel.gmd:MD_ScopeCode.@codeList:§http://standards.iso.org/iso/19139/resources/gmxCodelists.xml#MD_ScopeCode,http://standards.iso.org/iso/19139/resources/gmxCodelists.xml#MD_ScopeCode,gmd:hierarchyLevel£gmd:MD_ScopeCode£@codeList:,gmd:hierarchyLevel,gmd:MD_ScopeCode,@codeList:,,,,,,,,,,
21,gmd:hierarchyLevel.gmd:MD_ScopeCode.@codeListValue:§dataset,dataset,gmd:hierarchyLevel£gmd:MD_ScopeCode£@codeListValue:,gmd:hierarchyLevel,gmd:MD_ScopeCode,@codeListValue:,,,,,,,,,,
22,gmd:contact.@xmlns:gfc:§http://www.isotc211.org/2005/gfc,http://www.isotc211.org/2005/gfc,gmd:contact£@xmlns:gfc:,gmd:contact,@xmlns:gfc:,,,,,,,,,,,
23,gmd:contact.gmd:CI_ResponsibleParty.gmd:individualName.gco:CharacterString.@xmlns:gco:§http://www.isotc211.org/2005/gco,http://www.isotc211.org/2005/gco,gmd:contact£gmd:CI_ResponsibleParty£gmd:individualName£gco:CharacterString£@xmlns:gco:,gmd:contact,gmd:CI_ResponsibleParty,gmd:individualName,gco:CharacterString,@xmlns:gco:,,,,,,,,
24,gmd:contact.gmd:CI_ResponsibleParty.gmd:individualName.gco:CharacterString.#text:§Luis TITO DE MORAIS,Luis TITO DE MORAIS,gmd:contact£gmd:CI_ResponsibleParty£gmd:individualName£gco:CharacterString£#text:,gmd:contact,gmd:CI_ResponsibleParty,gmd:individualName,gco:CharacterString,#text:,,,,,,,,
25,gmd:contact.gmd:CI_ResponsibleParty.gmd:organisationName.gco:CharacterString.@xmlns:gco:§http://www.isotc211.org/2005/gco,http://www.isotc211.org/2005/gco,gmd:contact£gmd:CI_ResponsibleParty£gmd:organisationName£gco:CharacterString£@xmlns:gco:,gmd:contact,gmd:CI_ResponsibleParty,gmd:organisationName,gco:CharacterString,@xmlns:gco:,,,,,,,,
26,gmd:contact.gmd:CI_ResponsibleParty.gmd:organisationName.gco:CharacterString.#text:§IRD - UMR LEMAR,IRD - UMR LEMAR,gmd:contact£gmd:CI_ResponsibleParty£gmd:organisationName£gco:CharacterString£#text:,gmd:contact,gmd:CI_ResponsibleParty,gmd:organisationName,gco:CharacterString,#text:,,,,,,,,
27,gmd:contact.gmd:CI_ResponsibleParty.gmd:contactInfo.gmd:CI_Contact.gmd:phone.gmd:CI_Telephone.gmd:voice.gco:CharacterString.@xmlns:gco:§http://www.isotc211.org/2005/gco,http://www.isotc211.org/2005/gco,gmd:contact£gmd:CI_ResponsibleParty£gmd:contactInfo£gmd:CI_Contact£gmd:phone£gmd:CI_Telephone£gmd:voice£gco:CharacterString£@xmlns:gco:,gmd:contact,gmd:CI_ResponsibleParty,gmd:contactInfo,gmd:CI_Contact,gmd:phone,gmd:CI_Telephone,gmd:voice,gco:CharacterString,@xmlns:gco:,,,,
28,gmd:contact.gmd:CI_ResponsibleParty.gmd:contactInfo.gmd:CI_Contact.gmd:phone.gmd:CI_Telephone.gmd:voice.gco:CharacterString.#text:§+33(0)298498635,+33(0)298498635,gmd:contact£gmd:CI_ResponsibleParty£gmd:contactInfo£gmd:CI_Contact£gmd:phone£gmd:CI_Telephone£gmd:voice£gco:CharacterString£#text:,gmd:contact,gmd:CI_ResponsibleParty,gmd:contactInfo,gmd:CI_Contact,gmd:phone,gmd:CI_Telephone,gmd:voice,gco:CharacterString,#text:,,,,
29,gmd:contact.gmd:CI_ResponsibleParty.gmd:contactInfo.gmd:CI_Contact.gmd:address.gmd:CI_Address.gmd:deliveryPoint.gco:CharacterString.@xmlns:gco:§http://www.isotc211.org/2005/gco,http://www.isotc211.org/2005/gco,gmd:contact£gmd:CI_ResponsibleParty£gmd:contactInfo£gmd:CI_Contact£gmd:address£gmd:CI_Address£gmd:deliveryPoint£gco:CharacterString£@xmlns:gco:,gmd:contact,gmd:CI_ResponsibleParty,gmd:contactInfo,gmd:CI_Contact,gmd:address,gmd:CI_Address,gmd:deliveryPoint,gco:CharacterString,@xmlns:gco:,,,,
30,gmd:contact.gmd:CI_ResponsibleParty.gmd:contactInfo.gmd:CI_Contact.gmd:address.gmd:CI_Address.gmd:deliveryPoint.gco:CharacterString.#text:§Rue Dumont d'Urville,Rue Dumont d'Urville,gmd:contact£gmd:CI_ResponsibleParty£gmd:contactInfo£gmd:CI_Contact£gmd:address£gmd:CI_Address£gmd:deliveryPoint£gco:CharacterString£#text:,gmd:contact,gmd:CI_ResponsibleParty,gmd:contactInfo,gmd:CI_Contact,gmd:address,gmd:CI_Address,gmd:deliveryPoint,gco:CharacterString,#text:,,,,
31,gmd:contact.gmd:CI_ResponsibleParty.gmd:contactInfo.gmd:CI_Contact.gmd:address.gmd:CI_Address.gmd:city.gco:CharacterString.@xmlns:gco:§http://www.isotc211.org/2005/gco,http://www.isotc211.org/2005/gco,gmd:contact£gmd:CI_ResponsibleParty£gmd:contactInfo£gmd:CI_Contact£gmd:address£gmd:CI_Address£gmd:city£gco:CharacterString£@xmlns:gco:,gmd:contact,gmd:CI_ResponsibleParty,gmd:contactInfo,gmd:CI_Contact,gmd:address,gmd:CI_Address,gmd:city,gco:CharacterString,@xmlns:gco:,,,,
32,gmd:contact.gmd:CI_ResponsibleParty.gmd:contactInfo.gmd:CI_Contact.gmd:address.gmd:CI_Address.gmd:city.gco:CharacterString.#text:§Plouzané,Plouzané,gmd:contact£gmd:CI_ResponsibleParty£gmd:contactInfo£gmd:CI_Contact£gmd:address£gmd:CI_Address£gmd:city£gco:CharacterString£#text:,gmd:contact,gmd:CI_ResponsibleParty,gmd:contactInfo,gmd:CI_Contact,gmd:address,gmd:CI_Address,gmd:city,gco:CharacterString,#text:,,,,
33,gmd:contact.gmd:CI_ResponsibleParty.gmd:contactInfo.gmd:CI_Contact.gmd:address.gmd:CI_Address.gmd:administrativeArea.gco:CharacterString.@xmlns:gco:§http://www.isotc211.org/2005/gco,http://www.isotc211.org/2005/gco,gmd:contact£gmd:CI_ResponsibleParty£gmd:contactInfo£gmd:CI_Contact£gmd:address£gmd:CI_Address£gmd:administrativeArea£gco:CharacterString£@xmlns:gco:,gmd:contact,gmd:CI_ResponsibleParty,gmd:contactInfo,gmd:CI_Contact,gmd:address,gmd:CI_Address,gmd:administrativeArea,gco:CharacterString,@xmlns:gco:,,,,
34,gmd:contact.gmd:CI_ResponsibleParty.gmd:contactInfo.gmd:CI_Contact.gmd:address.gmd:CI_Address.gmd:administrativeArea.gco:CharacterString.#text:§Bretagne,Bretagne,gmd:contact£gmd:CI_ResponsibleParty£gmd:contactInfo£gmd:CI_Contact£gmd:address£gmd:CI_Address£gmd:administrativeArea£gco:CharacterString£#text:,gmd:contact,gmd:CI_ResponsibleParty,gmd:contactInfo,gmd:CI_Contact,gmd:address,gmd:CI_Address,gmd:administrativeArea,gco:CharacterString,#text:,,,,
35,gmd:contact.gmd:CI_ResponsibleParty.gmd:contactInfo.gmd:CI_Contact.gmd:address.gmd:CI_Address.gmd:postalCode.gco:CharacterString.@xmlns:gco:§http://www.isotc211.org/2005/gco,http://www.isotc211.org/2005/gco,gmd:contact£gmd:CI_ResponsibleParty£gmd:contactInfo£gmd:CI_Contact£gmd:address£gmd:CI_Address£gmd:postalCode£gco:CharacterString£@xmlns:gco:,gmd:contact,gmd:CI_ResponsibleParty,gmd:contactInfo,gmd:CI_Contact,gmd:address,gmd:CI_Address,gmd:postalCode,gco:CharacterString,@xmlns:gco:,,,,
36,gmd:contact.gmd:CI_ResponsibleParty.gmd:contactInfo.gmd:CI_Contact.gmd:address.gmd:CI_Address.gmd:postalCode.gco:CharacterString.#text:§29280,29280,gmd:contact£gmd:CI_ResponsibleParty£gmd:contactInfo£gmd:CI_Contact£gmd:address£gmd:CI_Address£gmd:postalCode£gco:CharacterString£#text:,gmd:contact,gmd:CI_ResponsibleParty,gmd:contactInfo,gmd:CI_Contact,gmd:address,gmd:CI_Address,gmd:postalCode,gco:CharacterString,#text:,,,,
37,gmd:contact.gmd:CI_ResponsibleParty.gmd:contactInfo.gmd:CI_Contact.gmd:address.gmd:CI_Address.gmd:country.gco:CharacterString.@xmlns:gco:§http://www.isotc211.org/2005/gco,http://www.isotc211.org/2005/gco,gmd:contact£gmd:CI_ResponsibleParty£gmd:contactInfo£gmd:CI_Contact£gmd:address£gmd:CI_Address£gmd:country£gco:CharacterString£@xmlns:gco:,gmd:contact,gmd:CI_ResponsibleParty,gmd:contactInfo,gmd:CI_Contact,gmd:address,gmd:CI_Address,gmd:country,gco:CharacterString,@xmlns:gco:,,,,
38,gmd:contact.gmd:CI_ResponsibleParty.gmd:contactInfo.gmd:CI_Contact.gmd:address.gmd:CI_Address.gmd:country.gco:CharacterString.#text:§France,France,gmd:contact£gmd:CI_ResponsibleParty£gmd:contactInfo£gmd:CI_Contact£gmd:address£gmd:CI_Address£gmd:country£gco:CharacterString£#text:,gmd:contact,gmd:CI_ResponsibleParty,gmd:contactInfo,gmd:CI_Contact,gmd:address,gmd:CI_Address,gmd:country,gco:CharacterString,#text:,,,,
39,gmd:contact.gmd:CI_ResponsibleParty.gmd:contactInfo.gmd:CI_Contact.gmd:address.gmd:CI_Address.gmd:electronicMailAddress.gco:CharacterString.@xmlns:gco:§http://www.isotc211.org/2005/gco,http://www.isotc211.org/2005/gco,gmd:contact£gmd:CI_ResponsibleParty£gmd:contactInfo£gmd:CI_Contact£gmd:address£gmd:CI_Address£gmd:electronicMailAddress£gco:CharacterString£@xmlns:gco:,gmd:contact,gmd:CI_ResponsibleParty,gmd:contactInfo,gmd:CI_Contact,gmd:address,gmd:CI_Address,gmd:electronicMailAddress,gco:CharacterString,@xmlns:gco:,,,,
40,gmd:contact.gmd:CI_ResponsibleParty.gmd:contactInfo.gmd:CI_Contact.gmd:address.gmd:CI_Address.gmd:electronicMailAddress.gco:CharacterString.#text:§Luis.Tito-de-Morais@ird.fr,Luis.Tito-de-Morais@ird.fr,gmd:contact£gmd:CI_ResponsibleParty£gmd:contactInfo£gmd:CI_Contact£gmd:address£gmd:CI_Address£gmd:electronicMailAddress£gco:CharacterString£#text:,gmd:contact,gmd:CI_ResponsibleParty,gmd:contactInfo,gmd:CI_Contact,gmd:address,gmd:CI_Address,gmd:electronicMailAddress,gco:CharacterString,#text:,,,,
41,gmd:contact.gmd:CI_ResponsibleParty.gmd:role.gmd:CI_RoleCode.@codeList:§http://standards.iso.org/iso/19139/resources/gmxCodelists.xml#CI_RoleCode,http://standards.iso.org/iso/19139/resources/gmxCodelists.xml#CI_RoleCode,gmd:contact£gmd:CI_ResponsibleParty£gmd:role£gmd:CI_RoleCode£@codeList:,gmd:contact,gmd:CI_ResponsibleParty,gmd:role,gmd:CI_RoleCode,@codeList:,,,,,,,,
42,gmd:contact.gmd:CI_ResponsibleParty.gmd:role.gmd:CI_RoleCode.@codeListValue:§author,author,gmd:contact£gmd:CI_ResponsibleParty£gmd:role£gmd:CI_RoleCode£@codeListValue:,gmd:contact,gmd:CI_ResponsibleParty,gmd:role,gmd:CI_RoleCode,@codeListValue:,,,,,,,,
43,gmd:contact.@xmlns:gfc:§http://www.isotc211.org/2005/gfc,http://www.isotc211.org/2005/gfc,gmd:contact£@xmlns:gfc:,gmd:contact,@xmlns:gfc:,,,,,,,,,,,
44,gmd:contact.gmd:CI_ResponsibleParty.gmd:individualName.gco:CharacterString.@xmlns:gco:§http://www.isotc211.org/2005/gco,http://www.isotc211.org/2005/gco,gmd:contact£gmd:CI_ResponsibleParty£gmd:individualName£gco:CharacterString£@xmlns:gco:,gmd:contact,gmd:CI_ResponsibleParty,gmd:individualName,gco:CharacterString,@xmlns:gco:,,,,,,,,
45,gmd:contact.gmd:CI_ResponsibleParty.gmd:individualName.gco:CharacterString.#text:§Laëtitia CAMPISTRON,Laëtitia CAMPISTRON,gmd:contact£gmd:CI_ResponsibleParty£gmd:individualName£gco:CharacterString£#text:,gmd:contact,gmd:CI_ResponsibleParty,gmd:individualName,gco:CharacterString,#text:,,,,,,,,
46,gmd:contact.gmd:CI_ResponsibleParty.gmd:organisationName.gco:CharacterString.@xmlns:gco:§http://www.isotc211.org/2005/gco,http://www.isotc211.org/2005/gco,gmd:contact£gmd:CI_ResponsibleParty£gmd:organisationName£gco:CharacterString£@xmlns:gco:,gmd:contact,gmd:CI_ResponsibleParty,gmd:organisationName,gco:CharacterString,@xmlns:gco:,,,,,,,,
47,gmd:contact.gmd:CI_ResponsibleParty.gmd:organisationName.gco:CharacterString.#text:§UMS3113 IUEM,UMS3113 IUEM,gmd:contact£gmd:CI_ResponsibleParty£gmd:organisationName£gco:CharacterString£#text:,gmd:contact,gmd:CI_ResponsibleParty,gmd:organisationName,gco:CharacterString,#text:,,,,,,,,
48,gmd:contact.gmd:CI_ResponsibleParty.gmd:contactInfo.gmd:CI_Contact.gmd:phone.gmd:CI_Telephone.gmd:voice.gco:CharacterString.@xmlns:gco:§http://www.isotc211.org/2005/gco,http://www.isotc211.org/2005/gco,gmd:contact£gmd:CI_ResponsibleParty£gmd:contactInfo£gmd:CI_Contact£gmd:phone£gmd:CI_Telephone£gmd:voice£gco:CharacterString£@xmlns:gco:,gmd:contact,gmd:CI_ResponsibleParty,gmd:contactInfo,gmd:CI_Contact,gmd:phone,gmd:CI_Telephone,gmd:voice,gco:CharacterString,@xmlns:gco:,,,,
49,gmd:contact.gmd:CI_ResponsibleParty.gmd:contactInfo.gmd:CI_Contact.gmd:phone.gmd:CI_Telephone.gmd:voice.gco:CharacterString.#text:§+33(0)298498836,+33(0)298498836,gmd:contact£gmd:CI_ResponsibleParty£gmd:contactInfo£gmd:CI_Contact£gmd:phone£gmd:CI_Telephone£gmd:voice£gco:CharacterString£#text:,gmd:contact,gmd:CI_ResponsibleParty,gmd:contactInfo,gmd:CI_Contact,gmd:phone,gmd:CI_Telephone,gmd:voice,gco:CharacterString,#text:,,,,
50,gmd:contact.gmd:CI_ResponsibleParty.gmd:contactInfo.gmd:CI_Contact.gmd:phone.gmd:CI_Telephone.gmd:facsimile.@xmlns:gco:§http://www.isotc211.org/2005/gco,http://www.isotc211.org/2005/gco,gmd:contact£gmd:CI_ResponsibleParty£gmd:contactInfo£gmd:CI_Contact£gmd:phone£gmd:CI_Telephone£gmd:facsimile£@xmlns:gco:,gmd:contact,gmd:CI_ResponsibleParty,gmd:contactInfo,gmd:CI_Contact,gmd:phone,gmd:CI_Telephone,gmd:facsimile,@xmlns:gco:,,,,,
51,gmd:contact.gmd:CI_ResponsibleParty.gmd:contactInfo.gmd:CI_Contact.gmd:phone.gmd:CI_Telephone.gmd:facsimile.@gco:nilReason:§missing,missing,gmd:contact£gmd:CI_ResponsibleParty£gmd:contactInfo£gmd:CI_Contact£gmd:phone£gmd:CI_Telephone£gmd:facsimile£@gco:nilReason:,gmd:contact,gmd:CI_ResponsibleParty,gmd:contactInfo,gmd:CI_Contact,gmd:phone,gmd:CI_Telephone,gmd:facsimile,@gco:nilReason:,,,,,
52,gmd:contact.gmd:CI_ResponsibleParty.gmd:contactInfo.gmd:CI_Contact.gmd:phone.gmd:CI_Telephone.gmd:facsimile.gco:CharacterString:§None,None,gmd:contact£gmd:CI_ResponsibleParty£gmd:contactInfo£gmd:CI_Contact£gmd:phone£gmd:CI_Telephone£gmd:facsimile£gco:CharacterString:,gmd:contact,gmd:CI_ResponsibleParty,gmd:contactInfo,gmd:CI_Contact,gmd:phone,gmd:CI_Telephone,gmd:facsimile,gco:CharacterString:,,,,,
53,gmd:contact.gmd:CI_ResponsibleParty.gmd:contactInfo.gmd:CI_Contact.gmd:address.gmd:CI_Address.gmd:deliveryPoint.gco:CharacterString.@xmlns:gco:§http://www.isotc211.org/2005/gco,http://www.isotc211.org/2005/gco,gmd:contact£gmd:CI_ResponsibleParty£gmd:contactInfo£gmd:CI_Contact£gmd:address£gmd:CI_Address£gmd:deliveryPoint£gco:CharacterString£@xmlns:gco:,gmd:contact,gmd:CI_ResponsibleParty,gmd:contactInfo,gmd:CI_Contact,gmd:address,gmd:CI_Address,gmd:deliveryPoint,gco:CharacterString,@xmlns:gco:,,,,
54,gmd:contact.gmd:CI_ResponsibleParty.gmd:contactInfo.gmd:CI_Contact.gmd:address.gmd:CI_Address.gmd:deliveryPoint.gco:CharacterString.#text:§Rue Dumont d'Urville,Rue Dumont d'Urville,gmd:contact£gmd:CI_ResponsibleParty£gmd:contactInfo£gmd:CI_Contact£gmd:address£gmd:CI_Address£gmd:deliveryPoint£gco:CharacterString£#text:,gmd:contact,gmd:CI_ResponsibleParty,gmd:contactInfo,gmd:CI_Contact,gmd:address,gmd:CI_Address,gmd:deliveryPoint,gco:CharacterString,#text:,,,,
55,gmd:contact.gmd:CI_ResponsibleParty.gmd:contactInfo.gmd:CI_Contact.gmd:address.gmd:CI_Address.gmd:city.gco:CharacterString.@xmlns:gco:§http://www.isotc211.org/2005/gco,http://www.isotc211.org/2005/gco,gmd:contact£gmd:CI_ResponsibleParty£gmd:contactInfo£gmd:CI_Contact£gmd:address£gmd:CI_Address£gmd:city£gco:CharacterString£@xmlns:gco:,gmd:contact,gmd:CI_ResponsibleParty,gmd:contactInfo,gmd:CI_Contact,gmd:address,gmd:CI_Address,gmd:city,gco:CharacterString,@xmlns:gco:,,,,
56,gmd:contact.gmd:CI_ResponsibleParty.gmd:contactInfo.gmd:CI_Contact.gmd:address.gmd:CI_Address.gmd:city.gco:CharacterString.#text:§Plouzané,Plouzané,gmd:contact£gmd:CI_ResponsibleParty£gmd:contactInfo£gmd:CI_Contact£gmd:address£gmd:CI_Address£gmd:city£gco:CharacterString£#text:,gmd:contact,gmd:CI_ResponsibleParty,gmd:contactInfo,gmd:CI_Contact,gmd:address,gmd:CI_Address,gmd:city,gco:CharacterString,#text:,,,,
57,gmd:contact.gmd:CI_ResponsibleParty.gmd:contactInfo.gmd:CI_Contact.gmd:address.gmd:CI_Address.gmd:administrativeArea.gco:CharacterString.@xmlns:gco:§http://www.isotc211.org/2005/gco,http://www.isotc211.org/2005/gco,gmd:contact£gmd:CI_ResponsibleParty£gmd:contactInfo£gmd:CI_Contact£gmd:address£gmd:CI_Address£gmd:administrativeArea£gco:CharacterString£@xmlns:gco:,gmd:contact,gmd:CI_ResponsibleParty,gmd:contactInfo,gmd:CI_Contact,gmd:address,gmd:CI_Address,gmd:administrativeArea,gco:CharacterString,@xmlns:gco:,,,,
58,gmd:contact.gmd:CI_ResponsibleParty.gmd:contactInfo.gmd:CI_Contact.gmd:address.gmd:CI_Address.gmd:administrativeArea.gco:CharacterString.#text:§Bretagne,Bretagne,gmd:contact£gmd:CI_ResponsibleParty£gmd:contactInfo£gmd:CI_Contact£gmd:address£gmd:CI_Address£gmd:administrativeArea£gco:CharacterString£#text:,gmd:contact,gmd:CI_ResponsibleParty,gmd:contactInfo,gmd:CI_Contact,gmd:address,gmd:CI_Address,gmd:administrativeArea,gco:CharacterString,#text:,,,,
59,gmd:contact.gmd:CI_ResponsibleParty.gmd:contactInfo.gmd:CI_Contact.gmd:address.gmd:CI_Address.gmd:postalCode.gco:CharacterString.@xmlns:gco:§http://www.isotc211.org/2005/gco,http://www.isotc211.org/2005/gco,gmd:contact£gmd:CI_ResponsibleParty£gmd:contactInfo£gmd:CI_Contact£gmd:address£gmd:CI_Address£gmd:postalCode£gco:CharacterString£@xmlns:gco:,gmd:contact,gmd:CI_ResponsibleParty,gmd:contactInfo,gmd:CI_Contact,gmd:address,gmd:CI_Address,gmd:postalCode,gco:CharacterString,@xmlns:gco:,,,,
60,gmd:contact.gmd:CI_ResponsibleParty.gmd:contactInfo.gmd:CI_Contact.gmd:address.gmd:CI_Address.gmd:postalCode.gco:CharacterString.#text:§29280,29280,gmd:contact£gmd:CI_ResponsibleParty£gmd:contactInfo£gmd:CI_Contact£gmd:address£gmd:CI_Address£gmd:postalCode£gco:CharacterString£#text:,gmd:contact,gmd:CI_ResponsibleParty,gmd:contactInfo,gmd:CI_Contact,gmd:address,gmd:CI_Address,gmd:postalCode,gco:CharacterString,#text:,,,,
61,gmd:contact.gmd:CI_ResponsibleParty.gmd:contactInfo.gmd:CI_Contact.gmd:address.gmd:CI_Address.gmd:country.gco:CharacterString.@xmlns:gco:§http://www.isotc211.org/2005/gco,http://www.isotc211.org/2005/gco,gmd:contact£gmd:CI_ResponsibleParty£gmd:contactInfo£gmd:CI_Contact£gmd:address£gmd:CI_Address£gmd:country£gco:CharacterString£@xmlns:gco:,gmd:contact,gmd:CI_ResponsibleParty,gmd:contactInfo,gmd:CI_Contact,gmd:address,gmd:CI_Address,gmd:country,gco:CharacterString,@xmlns:gco:,,,,
62,gmd:contact.gmd:CI_ResponsibleParty.gmd:contactInfo.gmd:CI_Contact.gmd:address.gmd:CI_Address.gmd:country.gco:CharacterString.#text:§France,France,gmd:contact£gmd:CI_ResponsibleParty£gmd:contactInfo£gmd:CI_Contact£gmd:address£gmd:CI_Address£gmd:country£gco:CharacterString£#text:,gmd:contact,gmd:CI_ResponsibleParty,gmd:contactInfo,gmd:CI_Contact,gmd:address,gmd:CI_Address,gmd:country,gco:CharacterString,#text:,,,,
63,gmd:contact.gmd:CI_ResponsibleParty.gmd:contactInfo.gmd:CI_Contact.gmd:address.gmd:CI_Address.gmd:electronicMailAddress.gco:CharacterString.@xmlns:gco:§http://www.isotc211.org/2005/gco,http://www.isotc211.org/2005/gco,gmd:contact£gmd:CI_ResponsibleParty£gmd:contactInfo£gmd:CI_Contact£gmd:address£gmd:CI_Address£gmd:electronicMailAddress£gco:CharacterString£@xmlns:gco:,gmd:contact,gmd:CI_ResponsibleParty,gmd:contactInfo,gmd:CI_Contact,gmd:address,gmd:CI_Address,gmd:electronicMailAddress,gco:CharacterString,@xmlns:gco:,,,,
64,gmd:contact.gmd:CI_ResponsibleParty.gmd:contactInfo.gmd:CI_Contact.gmd:address.gmd:CI_Address.gmd:electronicMailAddress.gco:CharacterString.#text:§osu-iuem@indigeo.fr,osu-iuem@indigeo.fr,gmd:contact£gmd:CI_ResponsibleParty£gmd:contactInfo£gmd:CI_Contact£gmd:address£gmd:CI_Address£gmd:electronicMailAddress£gco:CharacterString£#text:,gmd:contact,gmd:CI_ResponsibleParty,gmd:contactInfo,gmd:CI_Contact,gmd:address,gmd:CI_Address,gmd:electronicMailAddress,gco:CharacterString,#text:,,,,
65,gmd:contact.gmd:CI_ResponsibleParty.gmd:role.gmd:CI_RoleCode.@codeList:§http://standards.iso.org/iso/19139/resources/gmxCodelists.xml#CI_RoleCode,http://standards.iso.org/iso/19139/resources/gmxCodelists.xml#CI_RoleCode,gmd:contact£gmd:CI_ResponsibleParty£gmd:role£gmd:CI_RoleCode£@codeList:,gmd:contact,gmd:CI_ResponsibleParty,gmd:role,gmd:CI_RoleCode,@codeList:,,,,,,,,
66,gmd:contact.gmd:CI_ResponsibleParty.gmd:role.gmd:CI_RoleCode.@codeListValue:§pointOfContact,pointOfContact,gmd:contact£gmd:CI_ResponsibleParty£gmd:role£gmd:CI_RoleCode£@codeListValue:,gmd:contact,gmd:CI_ResponsibleParty,gmd:role,gmd:CI_RoleCode,@codeListValue:,,,,,,,,
67,gmd:dateStamp.@xmlns:gfc:§http://www.isotc211.org/2005/gfc,http://www.isotc211.org/2005/gfc,gmd:dateStamp£@xmlns:gfc:,gmd:dateStamp,@xmlns:gfc:,,,,,,,,,,,
68,gmd:dateStamp.gco:DateTime.@xmlns:gco:§http://www.isotc211.org/2005/gco,http://www.isotc211.org/2005/gco,gmd:dateStamp£gco:DateTime£@xmlns:gco:,gmd:dateStamp,gco:DateTime,@xmlns:gco:,,,,,,,,,,
69,gmd:dateStamp.gco:DateTime.#text:§2021-03-16T14:53:21,2021-03-16T14:53:21,gmd:dateStamp£gco:DateTime£#text:,gmd:dateStamp,gco:DateTime,#text:,,,,,,,,,,
70,gmd:metadataStandardName.@xmlns:gfc:§http://www.isotc211.org/2005/gfc,http://www.isotc211.org/2005/gfc,gmd:metadataStandardName£@xmlns:gfc:,gmd:metadataStandardName,@xmlns:gfc:,,,,,,,,,,,
71,gmd:metadataStandardName.gco:CharacterString.@xmlns:gco:§http://www.isotc211.org/2005/gco,http://www.isotc211.org/2005/gco,gmd:metadataStandardName£gco:CharacterString£@xmlns:gco:,gmd:metadataStandardName,gco:CharacterString,@xmlns:gco:,,,,,,,,,,
72,gmd:metadataStandardName.gco:CharacterString.#text:§ISO 19115,ISO 19115,gmd:metadataStandardName£gco:CharacterString£#text:,gmd:metadataStandardName,gco:CharacterString,#text:,,,,,,,,,,
73,gmd:metadataStandardVersion.@xmlns:gfc:§http://www.isotc211.org/2005/gfc,http://www.isotc211.org/2005/gfc,gmd:metadataStandardVersion£@xmlns:gfc:,gmd:metadataStandardVersion,@xmlns:gfc:,,,,,,,,,,,
74,gmd:metadataStandardVersion.gco:CharacterString.@xmlns:gco:§http://www.isotc211.org/2005/gco,http://www.isotc211.org/2005/gco,gmd:metadataStandardVersion£gco:CharacterString£@xmlns:gco:,gmd:metadataStandardVersion,gco:CharacterString,@xmlns:gco:,,,,,,,,,,
75,gmd:metadataStandardVersion.gco:CharacterString.#text:§1.0,1.0,gmd:metadataStandardVersion£gco:CharacterString£#text:,gmd:metadataStandardVersion,gco:CharacterString,#text:,,,,,,,,,,
76,gmd:referenceSystemInfo.@xmlns:gfc:§http://www.isotc211.org/2005/gfc,http://www.isotc211.org/2005/gfc,gmd:referenceSystemInfo£@xmlns:gfc:,gmd:referenceSystemInfo,@xmlns:gfc:,,,,,,,,,,,
77,gmd:referenceSystemInfo.gmd:MD_ReferenceSystem.gmd:referenceSystemIdentifier.gmd:RS_Identifier.gmd:code.gco:CharacterString.@xmlns:gco:§http://www.isotc211.org/2005/gco,http://www.isotc211.org/2005/gco,gmd:referenceSystemInfo£gmd:MD_ReferenceSystem£gmd:referenceSystemIdentifier£gmd:RS_Identifier£gmd:code£gco:CharacterString£@xmlns:gco:,gmd:referenceSystemInfo,gmd:MD_ReferenceSystem,gmd:referenceSystemIdentifier,gmd:RS_Identifier,gmd:code,gco:CharacterString,@xmlns:gco:,,,,,,
78,gmd:referenceSystemInfo.gmd:MD_ReferenceSystem.gmd:referenceSystemIdentifier.gmd:RS_Identifier.gmd:code.gco:CharacterString.#text:§RGF93 / Lambert-93 (EPSG:2154),RGF93 / Lambert-93 (EPSG:2154),gmd:referenceSystemInfo£gmd:MD_ReferenceSystem£gmd:referenceSystemIdentifier£gmd:RS_Identifier£gmd:code£gco:CharacterString£#text:,gmd:referenceSystemInfo,gmd:MD_ReferenceSystem,gmd:referenceSystemIdentifier,gmd:RS_Identifier,gmd:code,gco:CharacterString,#text:,,,,,,
79,gmd:referenceSystemInfo.gmd:MD_ReferenceSystem.gmd:referenceSystemIdentifier.gmd:RS_Identifier.gmd:codeSpace.gco:CharacterString.@xmlns:gco:§http://www.isotc211.org/2005/gco,http://www.isotc211.org/2005/gco,gmd:referenceSystemInfo£gmd:MD_ReferenceSystem£gmd:referenceSystemIdentifier£gmd:RS_Identifier£gmd:codeSpace£gco:CharacterString£@xmlns:gco:,gmd:referenceSystemInfo,gmd:MD_ReferenceSystem,gmd:referenceSystemIdentifier,gmd:RS_Identifier,gmd:codeSpace,gco:CharacterString,@xmlns:gco:,,,,,,
80,gmd:referenceSystemInfo.gmd:MD_ReferenceSystem.gmd:referenceSystemIdentifier.gmd:RS_Identifier.gmd:codeSpace.gco:CharacterString.#text:§EPSG,EPSG,gmd:referenceSystemInfo£gmd:MD_ReferenceSystem£gmd:referenceSystemIdentifier£gmd:RS_Identifier£gmd:codeSpace£gco:CharacterString£#text:,gmd:referenceSystemInfo,gmd:MD_ReferenceSystem,gmd:referenceSystemIdentifier,gmd:RS_Identifier,gmd:codeSpace,gco:CharacterString,#text:,,,,,,
81,gmd:referenceSystemInfo.gmd:MD_ReferenceSystem.gmd:referenceSystemIdentifier.gmd:RS_Identifier.gmd:version.gco:CharacterString.@xmlns:gco:§http://www.isotc211.org/2005/gco,http://www.isotc211.org/2005/gco,gmd:referenceSystemInfo£gmd:MD_ReferenceSystem£gmd:referenceSystemIdentifier£gmd:RS_Identifier£gmd:version£gco:CharacterString£@xmlns:gco:,gmd:referenceSystemInfo,gmd:MD_ReferenceSystem,gmd:referenceSystemIdentifier,gmd:RS_Identifier,gmd:version,gco:CharacterString,@xmlns:gco:,,,,,,
82,gmd:referenceSystemInfo.gmd:MD_ReferenceSystem.gmd:referenceSystemIdentifier.gmd:RS_Identifier.gmd:version.gco:CharacterString.#text:§7.4,7.4,gmd:referenceSystemInfo£gmd:MD_ReferenceSystem£gmd:referenceSystemIdentifier£gmd:RS_Identifier£gmd:version£gco:CharacterString£#text:,gmd:referenceSystemInfo,gmd:MD_ReferenceSystem,gmd:referenceSystemIdentifier,gmd:RS_Identifier,gmd:version,gco:CharacterString,#text:,,,,,,
83,gmd:identificationInfo.@xmlns:gfc:§http://www.isotc211.org/2005/gfc,http://www.isotc211.org/2005/gfc,gmd:identificationInfo£@xmlns:gfc:,gmd:identificationInfo,@xmlns:gfc:,,,,,,,,,,,
84,gmd:identificationInfo.gmd:MD_DataIdentification.gmd:citation.gmd:CI_Citation.gmd:title.gco:CharacterString.@xmlns:gco:§http://www.isotc211.org/2005/gco,http://www.isotc211.org/2005/gco,gmd:identificationInfo£gmd:MD_DataIdentification£gmd:citation£gmd:CI_Citation£gmd:title£gco:CharacterString£@xmlns:gco:,gmd:identificationInfo,gmd:MD_DataIdentification,gmd:citation,gmd:CI_Citation,gmd:title,gco:CharacterString,@xmlns:gco:,,,,,,
85,gmd:identificationInfo.gmd:MD_DataIdentification.gmd:citation.gmd:CI_Citation.gmd:title.gco:CharacterString.#text:§Estimation du volume débarqué de sardines destinées à la transformation en conserves au Maroc (2012) - flottille de type 'RSW',Estimation du volume débarqué de sardines destinées à la transformation en conserves au Maroc (2012) - flottille de type 'RSW',gmd:identificationInfo£gmd:MD_DataIdentification£gmd:citation£gmd:CI_Citation£gmd:title£gco:CharacterString£#text:,gmd:identificationInfo,gmd:MD_DataIdentification,gmd:citation,gmd:CI_Citation,gmd:title,gco:CharacterString,#text:,,,,,,
86,gmd:identificationInfo.gmd:MD_DataIdentification.gmd:citation.gmd:CI_Citation.gmd:date.gmd:CI_Date.gmd:date.gco:DateTime.@xmlns:gco:§http://www.isotc211.org/2005/gco,http://www.isotc211.org/2005/gco,gmd:identificationInfo£gmd:MD_DataIdentification£gmd:citation£gmd:CI_Citation£gmd:date£gmd:CI_Date£gmd:date£gco:DateTime£@xmlns:gco:,gmd:identificationInfo,gmd:MD_DataIdentification,gmd:citation,gmd:CI_Citation,gmd:date,gmd:CI_Date,gmd:date,gco:DateTime,@xmlns:gco:,,,,
87,gmd:identificationInfo.gmd:MD_DataIdentification.gmd:citation.gmd:CI_Citation.gmd:date.gmd:CI_Date.gmd:date.gco:DateTime.#text:§2016-03-21T17:40:00,2016-03-21T17:40:00,gmd:identificationInfo£gmd:MD_DataIdentification£gmd:citation£gmd:CI_Citation£gmd:date£gmd:CI_Date£gmd:date£gco:DateTime£#text:,gmd:identificationInfo,gmd:MD_DataIdentification,gmd:citation,gmd:CI_Citation,gmd:date,gmd:CI_Date,gmd:date,gco:DateTime,#text:,,,,
88,gmd:identificationInfo.gmd:MD_DataIdentification.gmd:citation.gmd:CI_Citation.gmd:date.gmd:CI_Date.gmd:dateType.gmd:CI_DateTypeCode.@codeList:§http://standards.iso.org/iso/19139/resources/gmxCodelists.xml#CI_DateTypeCode,http://standards.iso.org/iso/19139/resources/gmxCodelists.xml#CI_DateTypeCode,gmd:identificationInfo£gmd:MD_DataIdentification£gmd:citation£gmd:CI_Citation£gmd:date£gmd:CI_Date£gmd:dateType£gmd:CI_DateTypeCode£@codeList:,gmd:identificationInfo,gmd:MD_DataIdentification,gmd:citation,gmd:CI_Citation,gmd:date,gmd:CI_Date,gmd:dateType,gmd:CI_DateTypeCode,@codeList:,,,,
89,gmd:identificationInfo.gmd:MD_DataIdentification.gmd:citation.gmd:CI_Citation.gmd:date.gmd:CI_Date.gmd:dateType.gmd:CI_DateTypeCode.@codeListValue:§publication,publication,gmd:identificationInfo£gmd:MD_DataIdentification£gmd:citation£gmd:CI_Citation£gmd:date£gmd:CI_Date£gmd:dateType£gmd:CI_DateTypeCode£@codeListValue:,gmd:identificationInfo,gmd:MD_DataIdentification,gmd:citation,gmd:CI_Citation,gmd:date,gmd:CI_Date,gmd:dateType,gmd:CI_DateTypeCode,@codeListValue:,,,,
90,gmd:identificationInfo.gmd:MD_DataIdentification.gmd:citation.gmd:CI_Citation.gmd:identifier.gmd:MD_Identifier.gmd:code.gco:CharacterString.@xmlns:gco:§http://www.isotc211.org/2005/gco,http://www.isotc211.org/2005/gco,gmd:identificationInfo£gmd:MD_DataIdentification£gmd:citation£gmd:CI_Citation£gmd:identifier£gmd:MD_Identifier£gmd:code£gco:CharacterString£@xmlns:gco:,gmd:identificationInfo,gmd:MD_DataIdentification,gmd:citation,gmd:CI_Citation,gmd:identifier,gmd:MD_Identifier,gmd:code,gco:CharacterString,@xmlns:gco:,,,,
91,gmd:identificationInfo.gmd:MD_DataIdentification.gmd:citation.gmd:CI_Citation.gmd:identifier.gmd:MD_Identifier.gmd:code.gco:CharacterString.#text:§https://portail.indigeo.fr/geonetwork/srv/metadata/1a1a0628-61f0-4202-b2bb-3bd32d727525,https://portail.indigeo.fr/geonetwork/srv/metadata/1a1a0628-61f0-4202-b2bb-3bd32d727525,gmd:identificationInfo£gmd:MD_DataIdentification£gmd:citation£gmd:CI_Citation£gmd:identifier£gmd:MD_Identifier£gmd:code£gco:CharacterString£#text:,gmd:identificationInfo,gmd:MD_DataIdentification,gmd:citation,gmd:CI_Citation,gmd:identifier,gmd:MD_Identifier,gmd:code,gco:CharacterString,#text:,,,,
92,gmd:identificationInfo.gmd:MD_DataIdentification.gmd:abstract.gco:CharacterString.@xmlns:gco:§http://www.isotc211.org/2005/gco,http://www.isotc211.org/2005/gco,gmd:identificationInfo£gmd:MD_DataIdentification£gmd:abstract£gco:CharacterString£@xmlns:gco:,gmd:identificationInfo,gmd:MD_DataIdentification,gmd:abstract,gco:CharacterString,@xmlns:gco:,,,,,,,,
93,gmd:identificationInfo.gmd:MD_DataIdentification.gmd:abstract.gco:CharacterString.#text:§L'estimation du volume (en tonnes) débarqué de sardines destinées à la transformation en conserves au Maroc (2012) en secteur atlantique avec une flottille de type 'RSW',L'estimation du volume (en tonnes) débarqué de sardines destinées à la transformation en conserves au Maroc (2012) en secteur atlantique avec une flottille de type 'RSW',gmd:identificationInfo£gmd:MD_DataIdentification£gmd:abstract£gco:CharacterString£#text:,gmd:identificationInfo,gmd:MD_DataIdentification,gmd:abstract,gco:CharacterString,#text:,,,,,,,,
94,gmd:identificationInfo.gmd:MD_DataIdentification.gmd:status.gmd:MD_ProgressCode.@codeList:§http://standards.iso.org/iso/19139/resources/gmxCodelists.xml#MD_ProgressCode,http://standards.iso.org/iso/19139/resources/gmxCodelists.xml#MD_ProgressCode,gmd:identificationInfo£gmd:MD_DataIdentification£gmd:status£gmd:MD_ProgressCode£@codeList:,gmd:identificationInfo,gmd:MD_DataIdentification,gmd:status,gmd:MD_ProgressCode,@codeList:,,,,,,,,
95,gmd:identificationInfo.gmd:MD_DataIdentification.gmd:status.gmd:MD_ProgressCode.@codeListValue:§completed,completed,gmd:identificationInfo£gmd:MD_DataIdentification£gmd:status£gmd:MD_ProgressCode£@codeListValue:,gmd:identificationInfo,gmd:MD_DataIdentification,gmd:status,gmd:MD_ProgressCode,@codeListValue:,,,,,,,,
96,gmd:identificationInfo.gmd:MD_DataIdentification.gmd:pointOfContact.gmd:CI_ResponsibleParty.gmd:individualName.gco:CharacterString.@xmlns:gco:§http://www.isotc211.org/2005/gco,http://www.isotc211.org/2005/gco,gmd:identificationInfo£gmd:MD_DataIdentification£gmd:pointOfContact£gmd:CI_ResponsibleParty£gmd:individualName£gco:CharacterString£@xmlns:gco:,gmd:identificationInfo,gmd:MD_DataIdentification,gmd:pointOfContact,gmd:CI_ResponsibleParty,gmd:individualName,gco:CharacterString,@xmlns:gco:,,,,,,
97,gmd:identificationInfo.gmd:MD_DataIdentification.gmd:pointOfContact.gmd:CI_ResponsibleParty.gmd:individualName.gco:CharacterString.#text:§Luis TITO DE MORAIS,Luis TITO DE MORAIS,gmd:identificationInfo£gmd:MD_DataIdentification£gmd:pointOfContact£gmd:CI_ResponsibleParty£gmd:individualName£gco:CharacterString£#text:,gmd:identificationInfo,gmd:MD_DataIdentification,gmd:pointOfContact,gmd:CI_ResponsibleParty,gmd:individualName,gco:CharacterString,#text:,,,,,,
98,gmd:identificationInfo.gmd:MD_DataIdentification.gmd:pointOfContact.gmd:CI_ResponsibleParty.gmd:organisationName.gco:CharacterString.@xmlns:gco:§http://www.isotc211.org/2005/gco,http://www.isotc211.org/2005/gco,gmd:identificationInfo£gmd:MD_DataIdentification£gmd:pointOfContact£gmd:CI_ResponsibleParty£gmd:organisationName£gco:CharacterString£@xmlns:gco:,gmd:identificationInfo,gmd:MD_DataIdentification,gmd:pointOfContact,gmd:CI_ResponsibleParty,gmd:organisationName,gco:CharacterString,@xmlns:gco:,,,,,,
99,gmd:identificationInfo.gmd:MD_DataIdentification.gmd:pointOfContact.gmd:CI_ResponsibleParty.gmd:organisationName.gco:CharacterString.#text:§UMR6539 LEMAR,UMR6539 LEMAR,gmd:identificationInfo£gmd:MD_DataIdentification£gmd:pointOfContact£gmd:CI_ResponsibleParty£gmd:organisationName£gco:CharacterString£#text:,gmd:identificationInfo,gmd:MD_DataIdentification,gmd:pointOfContact,gmd:CI_ResponsibleParty,gmd:organisationName,gco:CharacterString,#text:,,,,,,
100,gmd:identificationInfo.gmd:MD_DataIdentification.gmd:pointOfContact.gmd:CI_ResponsibleParty.gmd:contactInfo.gmd:CI_Contact.gmd:phone.gmd:CI_Telephone.gmd:voice.gco:CharacterString.@xmlns:gco:§http://www.isotc211.org/2005/gco,http://www.isotc211.org/2005/gco,gmd:identificationInfo£gmd:MD_DataIdentification£gmd:pointOfContact£gmd:CI_ResponsibleParty£gmd:contactInfo£gmd:CI_Contact£gmd:phone£gmd:CI_Telephone£gmd:voice£gco:CharacterString£@xmlns:gco:,gmd:identificationInfo,gmd:MD_DataIdentification,gmd:pointOfContact,gmd:CI_ResponsibleParty,gmd:contactInfo,gmd:CI_Contact,gmd:phone,gmd:CI_Telephone,gmd:voice,gco:CharacterString,@xmlns:gco:,,
101,gmd:identificationInfo.gmd:MD_DataIdentification.gmd:pointOfContact.gmd:CI_ResponsibleParty.gmd:contactInfo.gmd:CI_Contact.gmd:phone.gmd:CI_Telephone.gmd:voice.gco:CharacterString.#text:§+33(0)298498635,+33(0)298498635,gmd:identificationInfo£gmd:MD_DataIdentification£gmd:pointOfContact£gmd:CI_ResponsibleParty£gmd:contactInfo£gmd:CI_Contact£gmd:phone£gmd:CI_Telephone£gmd:voice£gco:CharacterString£#text:,gmd:identificationInfo,gmd:MD_DataIdentification,gmd:pointOfContact,gmd:CI_ResponsibleParty,gmd:contactInfo,gmd:CI_Contact,gmd:phone,gmd:CI_Telephone,gmd:voice,gco:CharacterString,#text:,,
102,gmd:identificationInfo.gmd:MD_DataIdentification.gmd:pointOfContact.gmd:CI_ResponsibleParty.gmd:contactInfo.gmd:CI_Contact.gmd:phone.gmd:CI_Telephone.gmd:facsimile.@xmlns:gco:§http://www.isotc211.org/2005/gco,http://www.isotc211.org/2005/gco,gmd:identificationInfo£gmd:MD_DataIdentification£gmd:pointOfContact£gmd:CI_ResponsibleParty£gmd:contactInfo£gmd:CI_Contact£gmd:phone£gmd:CI_Telephone£gmd:facsimile£@xmlns:gco:,gmd:identificationInfo,gmd:MD_DataIdentification,gmd:pointOfContact,gmd:CI_ResponsibleParty,gmd:contactInfo,gmd:CI_Contact,gmd:phone,gmd:CI_Telephone,gmd:facsimile,@xmlns:gco:,,,
103,gmd:identificationInfo.gmd:MD_DataIdentification.gmd:pointOfContact.gmd:CI_ResponsibleParty.gmd:contactInfo.gmd:CI_Contact.gmd:phone.gmd:CI_Telephone.gmd:facsimile.@gco:nilReason:§missing,missing,gmd:identificationInfo£gmd:MD_DataIdentification£gmd:pointOfContact£gmd:CI_ResponsibleParty£gmd:contactInfo£gmd:CI_Contact£gmd:phone£gmd:CI_Telephone£gmd:facsimile£@gco:nilReason:,gmd:identificationInfo,gmd:MD_DataIdentification,gmd:pointOfContact,gmd:CI_ResponsibleParty,gmd:contactInfo,gmd:CI_Contact,gmd:phone,gmd:CI_Telephone,gmd:facsimile,@gco:nilReason:,,,
104,gmd:identificationInfo.gmd:MD_DataIdentification.gmd:pointOfContact.gmd:CI_ResponsibleParty.gmd:contactInfo.gmd:CI_Contact.gmd:phone.gmd:CI_Telephone.gmd:facsimile.gco:CharacterString:§None,None,gmd:identificationInfo£gmd:MD_DataIdentification£gmd:pointOfContact£gmd:CI_ResponsibleParty£gmd:contactInfo£gmd:CI_Contact£gmd:phone£gmd:CI_Telephone£gmd:facsimile£gco:CharacterString:,gmd:identificationInfo,gmd:MD_DataIdentification,gmd:pointOfContact,gmd:CI_ResponsibleParty,gmd:contactInfo,gmd:CI_Contact,gmd:phone,gmd:CI_Telephone,gmd:facsimile,gco:CharacterString:,,,
105,gmd:identificationInfo.gmd:MD_DataIdentification.gmd:pointOfContact.gmd:CI_ResponsibleParty.gmd:contactInfo.gmd:CI_Contact.gmd:address.gmd:CI_Address.gmd:deliveryPoint.gco:CharacterString.@xmlns:gco:§http://www.isotc211.org/2005/gco,http://www.isotc211.org/2005/gco,gmd:identificationInfo£gmd:MD_DataIdentification£gmd:pointOfContact£gmd:CI_ResponsibleParty£gmd:contactInfo£gmd:CI_Contact£gmd:address£gmd:CI_Address£gmd:deliveryPoint£gco:CharacterString£@xmlns:gco:,gmd:identificationInfo,gmd:MD_DataIdentification,gmd:pointOfContact,gmd:CI_ResponsibleParty,gmd:contactInfo,gmd:CI_Contact,gmd:address,gmd:CI_Address,gmd:deliveryPoint,gco:CharacterString,@xmlns:gco:,,
106,gmd:identificationInfo.gmd:MD_DataIdentification.gmd:pointOfContact.gmd:CI_ResponsibleParty.gmd:contactInfo.gmd:CI_Contact.gmd:address.gmd:CI_Address.gmd:deliveryPoint.gco:CharacterString.#text:§Rue Dumont d'Urville,Rue Dumont d'Urville,gmd:identificationInfo£gmd:MD_DataIdentification£gmd:pointOfContact£gmd:CI_ResponsibleParty£gmd:contactInfo£gmd:CI_Contact£gmd:address£gmd:CI_Address£gmd:deliveryPoint£gco:CharacterString£#text:,gmd:identificationInfo,gmd:MD_DataIdentification,gmd:pointOfContact,gmd:CI_ResponsibleParty,gmd:contactInfo,gmd:CI_Contact,gmd:address,gmd:CI_Address,gmd:deliveryPoint,gco:CharacterString,#text:,,
107,gmd:identificationInfo.gmd:MD_DataIdentification.gmd:pointOfContact.gmd:CI_ResponsibleParty.gmd:contactInfo.gmd:CI_Contact.gmd:address.gmd:CI_Address.gmd:city.gco:CharacterString.@xmlns:gco:§http://www.isotc211.org/2005/gco,http://www.isotc211.org/2005/gco,gmd:identificationInfo£gmd:MD_DataIdentification£gmd:pointOfContact£gmd:CI_ResponsibleParty£gmd:contactInfo£gmd:CI_Contact£gmd:address£gmd:CI_Address£gmd:city£gco:CharacterString£@xmlns:gco:,gmd:identificationInfo,gmd:MD_DataIdentification,gmd:pointOfContact,gmd:CI_ResponsibleParty,gmd:contactInfo,gmd:CI_Contact,gmd:address,gmd:CI_Address,gmd:city,gco:CharacterString,@xmlns:gco:,,
108,gmd:identificationInfo.gmd:MD_DataIdentification.gmd:pointOfContact.gmd:CI_ResponsibleParty.gmd:contactInfo.gmd:CI_Contact.gmd:address.gmd:CI_Address.gmd:city.gco:CharacterString.#text:§Plouzané,Plouzané,gmd:identificationInfo£gmd:MD_DataIdentification£gmd:pointOfContact£gmd:CI_ResponsibleParty£gmd:contactInfo£gmd:CI_Contact£gmd:address£gmd:CI_Address£gmd:city£gco:CharacterString£#text:,gmd:identificationInfo,gmd:MD_DataIdentification,gmd:pointOfContact,gmd:CI_ResponsibleParty,gmd:contactInfo,gmd:CI_Contact,gmd:address,gmd:CI_Address,gmd:city,gco:CharacterString,#text:,,
109,gmd:identificationInfo.gmd:MD_DataIdentification.gmd:pointOfContact.gmd:CI_ResponsibleParty.gmd:contactInfo.gmd:CI_Contact.gmd:address.gmd:CI_Address.gmd:administrativeArea.gco:CharacterString.@xmlns:gco:§http://www.isotc211.org/2005/gco,http://www.isotc211.org/2005/gco,gmd:identificationInfo£gmd:MD_DataIdentification£gmd:pointOfContact£gmd:CI_ResponsibleParty£gmd:contactInfo£gmd:CI_Contact£gmd:address£gmd:CI_Address£gmd:administrativeArea£gco:CharacterString£@xmlns:gco:,gmd:identificationInfo,gmd:MD_DataIdentification,gmd:pointOfContact,gmd:CI_ResponsibleParty,gmd:contactInfo,gmd:CI_Contact,gmd:address,gmd:CI_Address,gmd:administrativeArea,gco:CharacterString,@xmlns:gco:,,
110,gmd:identificationInfo.gmd:MD_DataIdentification.gmd:pointOfContact.gmd:CI_ResponsibleParty.gmd:contactInfo.gmd:CI_Contact.gmd:address.gmd:CI_Address.gmd:administrativeArea.gco:CharacterString.#text:§Bretagne,Bretagne,gmd:identificationInfo£gmd:MD_DataIdentification£gmd:pointOfContact£gmd:CI_ResponsibleParty£gmd:contactInfo£gmd:CI_Contact£gmd:address£gmd:CI_Address£gmd:administrativeArea£gco:CharacterString£#text:,gmd:identificationInfo,gmd:MD_DataIdentification,gmd:pointOfContact,gmd:CI_ResponsibleParty,gmd:contactInfo,gmd:CI_Contact,gmd:address,gmd:CI_Address,gmd:administrativeArea,gco:CharacterString,#text:,,
111,gmd:identificationInfo.gmd:MD_DataIdentification.gmd:pointOfContact.gmd:CI_ResponsibleParty.gmd:contactInfo.gmd:CI_Contact.gmd:address.gmd:CI_Address.gmd:postalCode.gco:CharacterString.@xmlns:gco:§http://www.isotc211.org/2005/gco,http://www.isotc211.org/2005/gco,gmd:identificationInfo£gmd:MD_DataIdentification£gmd:pointOfContact£gmd:CI_ResponsibleParty£gmd:contactInfo£gmd:CI_Contact£gmd:address£gmd:CI_Address£gmd:postalCode£gco:CharacterString£@xmlns:gco:,gmd:identificationInfo,gmd:MD_DataIdentification,gmd:pointOfContact,gmd:CI_ResponsibleParty,gmd:contactInfo,gmd:CI_Contact,gmd:address,gmd:CI_Address,gmd:postalCode,gco:CharacterString,@xmlns:gco:,,
112,gmd:identificationInfo.gmd:MD_DataIdentification.gmd:pointOfContact.gmd:CI_ResponsibleParty.gmd:contactInfo.gmd:CI_Contact.gmd:address.gmd:CI_Address.gmd:postalCode.gco:CharacterString.#text:§29280,29280,gmd:identificationInfo£gmd:MD_DataIdentification£gmd:pointOfContact£gmd:CI_ResponsibleParty£gmd:contactInfo£gmd:CI_Contact£gmd:address£gmd:CI_Address£gmd:postalCode£gco:CharacterString£#text:,gmd:identificationInfo,gmd:MD_DataIdentification,gmd:pointOfContact,gmd:CI_ResponsibleParty,gmd:contactInfo,gmd:CI_Contact,gmd:address,gmd:CI_Address,gmd:postalCode,gco:CharacterString,#text:,,
113,gmd:identificationInfo.gmd:MD_DataIdentification.gmd:pointOfContact.gmd:CI_ResponsibleParty.gmd:contactInfo.gmd:CI_Contact.gmd:address.gmd:CI_Address.gmd:country.gco:CharacterString.@xmlns:gco:§http://www.isotc211.org/2005/gco,http://www.isotc211.org/2005/gco,gmd:identificationInfo£gmd:MD_DataIdentification£gmd:pointOfContact£gmd:CI_ResponsibleParty£gmd:contactInfo£gmd:CI_Contact£gmd:address£gmd:CI_Address£gmd:country£gco:CharacterString£@xmlns:gco:,gmd:identificationInfo,gmd:MD_DataIdentification,gmd:pointOfContact,gmd:CI_ResponsibleParty,gmd:contactInfo,gmd:CI_Contact,gmd:address,gmd:CI_Address,gmd:country,gco:CharacterString,@xmlns:gco:,,
114,gmd:identificationInfo.gmd:MD_DataIdentification.gmd:pointOfContact.gmd:CI_ResponsibleParty.gmd:contactInfo.gmd:CI_Contact.gmd:address.gmd:CI_Address.gmd:country.gco:CharacterString.#text:§France,France,gmd:identificationInfo£gmd:MD_DataIdentification£gmd:pointOfContact£gmd:CI_ResponsibleParty£gmd:contactInfo£gmd:CI_Contact£gmd:address£gmd:CI_Address£gmd:country£gco:CharacterString£#text:,gmd:identificationInfo,gmd:MD_DataIdentification,gmd:pointOfContact,gmd:CI_ResponsibleParty,gmd:contactInfo,gmd:CI_Contact,gmd:address,gmd:CI_Address,gmd:country,gco:CharacterString,#text:,,
115,gmd:identificationInfo.gmd:MD_DataIdentification.gmd:pointOfContact.gmd:CI_ResponsibleParty.gmd:contactInfo.gmd:CI_Contact.gmd:address.gmd:CI_Address.gmd:electronicMailAddress.gco:CharacterString.@xmlns:gco:§http://www.isotc211.org/2005/gco,http://www.isotc211.org/2005/gco,gmd:identificationInfo£gmd:MD_DataIdentification£gmd:pointOfContact£gmd:CI_ResponsibleParty£gmd:contactInfo£gmd:CI_Contact£gmd:address£gmd:CI_Address£gmd:electronicMailAddress£gco:CharacterString£@xmlns:gco:,gmd:identificationInfo,gmd:MD_DataIdentification,gmd:pointOfContact,gmd:CI_ResponsibleParty,gmd:contactInfo,gmd:CI_Contact,gmd:address,gmd:CI_Address,gmd:electronicMailAddress,gco:CharacterString,@xmlns:gco:,,
116,gmd:identificationInfo.gmd:MD_DataIdentification.gmd:pointOfContact.gmd:CI_ResponsibleParty.gmd:contactInfo.gmd:CI_Contact.gmd:address.gmd:CI_Address.gmd:electronicMailAddress.gco:CharacterString.#text:§osu-iuem@indigeo.fr,osu-iuem@indigeo.fr,gmd:identificationInfo£gmd:MD_DataIdentification£gmd:pointOfContact£gmd:CI_ResponsibleParty£gmd:contactInfo£gmd:CI_Contact£gmd:address£gmd:CI_Address£gmd:electronicMailAddress£gco:CharacterString£#text:,gmd:identificationInfo,gmd:MD_DataIdentification,gmd:pointOfContact,gmd:CI_ResponsibleParty,gmd:contactInfo,gmd:CI_Contact,gmd:address,gmd:CI_Address,gmd:electronicMailAddress,gco:CharacterString,#text:,,
117,gmd:identificationInfo.gmd:MD_DataIdentification.gmd:pointOfContact.gmd:CI_ResponsibleParty.gmd:role.gmd:CI_RoleCode.@codeList:§http://standards.iso.org/iso/19139/resources/gmxCodelists.xml#CI_RoleCode,http://standards.iso.org/iso/19139/resources/gmxCodelists.xml#CI_RoleCode,gmd:identificationInfo£gmd:MD_DataIdentification£gmd:pointOfContact£gmd:CI_ResponsibleParty£gmd:role£gmd:CI_RoleCode£@codeList:,gmd:identificationInfo,gmd:MD_DataIdentification,gmd:pointOfContact,gmd:CI_ResponsibleParty,gmd:role,gmd:CI_RoleCode,@codeList:,,,,,,
118,gmd:identificationInfo.gmd:MD_DataIdentification.gmd:pointOfContact.gmd:CI_ResponsibleParty.gmd:role.gmd:CI_RoleCode.@codeListValue:§author,author,gmd:identificationInfo£gmd:MD_DataIdentification£gmd:pointOfContact£gmd:CI_ResponsibleParty£gmd:role£gmd:CI_RoleCode£@codeListValue:,gmd:identificationInfo,gmd:MD_DataIdentification,gmd:pointOfContact,gmd:CI_ResponsibleParty,gmd:role,gmd:CI_RoleCode,@codeListValue:,,,,,,
119,gmd:identificationInfo.gmd:MD_DataIdentification.gmd:resourceMaintenance.gmd:MD_MaintenanceInformation.gmd:maintenanceAndUpdateFrequency.gmd:MD_MaintenanceFrequencyCode.@codeList:§http://standards.iso.org/iso/19139/resources/gmxCodelists.xml#MD_MaintenanceFrequencyCode,http://standards.iso.org/iso/19139/resources/gmxCodelists.xml#MD_MaintenanceFrequencyCode,gmd:identificationInfo£gmd:MD_DataIdentification£gmd:resourceMaintenance£gmd:MD_MaintenanceInformation£gmd:maintenanceAndUpdateFrequency£gmd:MD_MaintenanceFrequencyCode£@codeList:,gmd:identificationInfo,gmd:MD_DataIdentification,gmd:resourceMaintenance,gmd:MD_MaintenanceInformation,gmd:maintenanceAndUpdateFrequency,gmd:MD_MaintenanceFrequencyCode,@codeList:,,,,,,
120,gmd:identificationInfo.gmd:MD_DataIdentification.gmd:resourceMaintenance.gmd:MD_MaintenanceInformation.gmd:maintenanceAndUpdateFrequency.gmd:MD_MaintenanceFrequencyCode.@codeListValue:§notPlanned,notPlanned,gmd:identificationInfo£gmd:MD_DataIdentification£gmd:resourceMaintenance£gmd:MD_MaintenanceInformation£gmd:maintenanceAndUpdateFrequency£gmd:MD_MaintenanceFrequencyCode£@codeListValue:,gmd:identificationInfo,gmd:MD_DataIdentification,gmd:resourceMaintenance,gmd:MD_MaintenanceInformation,gmd:maintenanceAndUpdateFrequency,gmd:MD_MaintenanceFrequencyCode,@codeListValue:,,,,,,
121,gmd:identificationInfo.gmd:MD_DataIdentification.gmd:graphicOverview.gmd:MD_BrowseGraphic.gmd:fileName.gco:CharacterString.@xmlns:gco:§http://www.isotc211.org/2005/gco,http://www.isotc211.org/2005/gco,gmd:identificationInfo£gmd:MD_DataIdentification£gmd:graphicOverview£gmd:MD_BrowseGraphic£gmd:fileName£gco:CharacterString£@xmlns:gco:,gmd:identificationInfo,gmd:MD_DataIdentification,gmd:graphicOverview,gmd:MD_BrowseGraphic,gmd:fileName,gco:CharacterString,@xmlns:gco:,,,,,,
122,gmd:identificationInfo.gmd:MD_DataIdentification.gmd:graphicOverview.gmd:MD_BrowseGraphic.gmd:fileName.gco:CharacterString.#text:§https://portail.indigeo.fr/geonetwork/srv/fre//resources.get?uuid=4a67138d-b80c-465a-a0a7-e744a9ed2b20&fname=flux_flottille_1-2_conser.png,https://portail.indigeo.fr/geonetwork/srv/fre//resources.get?uuid=4a67138d-b80c-465a-a0a7-e744a9ed2b20&fname=flux_flottille_1-2_conser.png,gmd:identificationInfo£gmd:MD_DataIdentification£gmd:graphicOverview£gmd:MD_BrowseGraphic£gmd:fileName£gco:CharacterString£#text:,gmd:identificationInfo,gmd:MD_DataIdentification,gmd:graphicOverview,gmd:MD_BrowseGraphic,gmd:fileName,gco:CharacterString,#text:,,,,,,
123,gmd:identificationInfo.gmd:MD_DataIdentification.gmd:graphicOverview.gmd:MD_BrowseGraphic.gmd:fileDescription.gco:CharacterString.@xmlns:gco:§http://www.isotc211.org/2005/gco,http://www.isotc211.org/2005/gco,gmd:identificationInfo£gmd:MD_DataIdentification£gmd:graphicOverview£gmd:MD_BrowseGraphic£gmd:fileDescription£gco:CharacterString£@xmlns:gco:,gmd:identificationInfo,gmd:MD_DataIdentification,gmd:graphicOverview,gmd:MD_BrowseGraphic,gmd:fileDescription,gco:CharacterString,@xmlns:gco:,,,,,,
124,gmd:identificationInfo.gmd:MD_DataIdentification.gmd:graphicOverview.gmd:MD_BrowseGraphic.gmd:fileDescription.gco:CharacterString.#text:§large_thumbnail,large_thumbnail,gmd:identificationInfo£gmd:MD_DataIdentification£gmd:graphicOverview£gmd:MD_BrowseGraphic£gmd:fileDescription£gco:CharacterString£#text:,gmd:identificationInfo,gmd:MD_DataIdentification,gmd:graphicOverview,gmd:MD_BrowseGraphic,gmd:fileDescription,gco:CharacterString,#text:,,,,,,
125,gmd:identificationInfo.gmd:MD_DataIdentification.gmd:graphicOverview.gmd:MD_BrowseGraphic.gmd:fileType.gco:CharacterString.@xmlns:gco:§http://www.isotc211.org/2005/gco,http://www.isotc211.org/2005/gco,gmd:identificationInfo£gmd:MD_DataIdentification£gmd:graphicOverview£gmd:MD_BrowseGraphic£gmd:fileType£gco:CharacterString£@xmlns:gco:,gmd:identificationInfo,gmd:MD_DataIdentification,gmd:graphicOverview,gmd:MD_BrowseGraphic,gmd:fileType,gco:CharacterString,@xmlns:gco:,,,,,,
126,gmd:identificationInfo.gmd:MD_DataIdentification.gmd:graphicOverview.gmd:MD_BrowseGraphic.gmd:fileType.gco:CharacterString.#text:§png,png,gmd:identificationInfo£gmd:MD_DataIdentification£gmd:graphicOverview£gmd:MD_BrowseGraphic£gmd:fileType£gco:CharacterString£#text:,gmd:identificationInfo,gmd:MD_DataIdentification,gmd:graphicOverview,gmd:MD_BrowseGraphic,gmd:fileType,gco:CharacterString,#text:,,,,,,
127,gmd:identificationInfo.gmd:MD_DataIdentification.gmd:descriptiveKeywords.gmd:MD_Keywords.gmd:keyword.gco:CharacterString.@xmlns:gco:§http://www.isotc211.org/2005/gco,http://www.isotc211.org/2005/gco,gmd:identificationInfo£gmd:MD_DataIdentification£gmd:descriptiveKeywords£gmd:MD_Keywords£gmd:keyword£gco:CharacterString£@xmlns:gco:,gmd:identificationInfo,gmd:MD_DataIdentification,gmd:descriptiveKeywords,gmd:MD_Keywords,gmd:keyword,gco:CharacterString,@xmlns:gco:,,,,,,
128,gmd:identificationInfo.gmd:MD_DataIdentification.gmd:descriptiveKeywords.gmd:MD_Keywords.gmd:keyword.gco:CharacterString.#text:§données géoréférencées,données géoréférencées,gmd:identificationInfo£gmd:MD_DataIdentification£gmd:descriptiveKeywords£gmd:MD_Keywords£gmd:keyword£gco:CharacterString£#text:,gmd:identificationInfo,gmd:MD_DataIdentification,gmd:descriptiveKeywords,gmd:MD_Keywords,gmd:keyword,gco:CharacterString,#text:,,,,,,
129,gmd:identificationInfo.gmd:MD_DataIdentification.gmd:descriptiveKeywords.gmd:MD_Keywords.gmd:keyword.gco:CharacterString.@xmlns:gco:§http://www.isotc211.org/2005/gco,http://www.isotc211.org/2005/gco,gmd:identificationInfo£gmd:MD_DataIdentification£gmd:descriptiveKeywords£gmd:MD_Keywords£gmd:keyword£gco:CharacterString£@xmlns:gco:,gmd:identificationInfo,gmd:MD_DataIdentification,gmd:descriptiveKeywords,gmd:MD_Keywords,gmd:keyword,gco:CharacterString,@xmlns:gco:,,,,,,
130,gmd:identificationInfo.gmd:MD_DataIdentification.gmd:descriptiveKeywords.gmd:MD_Keywords.gmd:keyword.gco:CharacterString.#text:§EPURE,EPURE,gmd:identificationInfo£gmd:MD_DataIdentification£gmd:descriptiveKeywords£gmd:MD_Keywords£gmd:keyword£gco:CharacterString£#text:,gmd:identificationInfo,gmd:MD_DataIdentification,gmd:descriptiveKeywords,gmd:MD_Keywords,gmd:keyword,gco:CharacterString,#text:,,,,,,
131,gmd:identificationInfo.gmd:MD_DataIdentification.gmd:descriptiveKeywords.gmd:MD_Keywords.gmd:type.gmd:MD_KeywordTypeCode.@codeList:§http://standards.iso.org/iso/19139/resources/gmxCodelists.xml#MD_KeywordTypeCode,http://standards.iso.org/iso/19139/resources/gmxCodelists.xml#MD_KeywordTypeCode,gmd:identificationInfo£gmd:MD_DataIdentification£gmd:descriptiveKeywords£gmd:MD_Keywords£gmd:type£gmd:MD_KeywordTypeCode£@codeList:,gmd:identificationInfo,gmd:MD_DataIdentification,gmd:descriptiveKeywords,gmd:MD_Keywords,gmd:type,gmd:MD_KeywordTypeCode,@codeList:,,,,,,
132,gmd:identificationInfo.gmd:MD_DataIdentification.gmd:descriptiveKeywords.gmd:MD_Keywords.gmd:type.gmd:MD_KeywordTypeCode.@codeListValue:§theme,theme,gmd:identificationInfo£gmd:MD_DataIdentification£gmd:descriptiveKeywords£gmd:MD_Keywords£gmd:type£gmd:MD_KeywordTypeCode£@codeListValue:,gmd:identificationInfo,gmd:MD_DataIdentification,gmd:descriptiveKeywords,gmd:MD_Keywords,gmd:type,gmd:MD_KeywordTypeCode,@codeListValue:,,,,,,
133,gmd:identificationInfo.gmd:MD_DataIdentification.gmd:descriptiveKeywords.gmd:MD_Keywords.gmd:thesaurusName.gmd:CI_Citation.gmd:title.gco:CharacterString.@xmlns:gco:§http://www.isotc211.org/2005/gco,http://www.isotc211.org/2005/gco,gmd:identificationInfo£gmd:MD_DataIdentification£gmd:descriptiveKeywords£gmd:MD_Keywords£gmd:thesaurusName£gmd:CI_Citation£gmd:title£gco:CharacterString£@xmlns:gco:,gmd:identificationInfo,gmd:MD_DataIdentification,gmd:descriptiveKeywords,gmd:MD_Keywords,gmd:thesaurusName,gmd:CI_Citation,gmd:title,gco:CharacterString,@xmlns:gco:,,,,
134,gmd:identificationInfo.gmd:MD_DataIdentification.gmd:descriptiveKeywords.gmd:MD_Keywords.gmd:thesaurusName.gmd:CI_Citation.gmd:title.gco:CharacterString.#text:§GEMET,GEMET,gmd:identificationInfo£gmd:MD_DataIdentification£gmd:descriptiveKeywords£gmd:MD_Keywords£gmd:thesaurusName£gmd:CI_Citation£gmd:title£gco:CharacterString£#text:,gmd:identificationInfo,gmd:MD_DataIdentification,gmd:descriptiveKeywords,gmd:MD_Keywords,gmd:thesaurusName,gmd:CI_Citation,gmd:title,gco:CharacterString,#text:,,,,
135,gmd:identificationInfo.gmd:MD_DataIdentification.gmd:descriptiveKeywords.gmd:MD_Keywords.gmd:thesaurusName.gmd:CI_Citation.gmd:date.@xmlns:gco:§http://www.isotc211.org/2005/gco,http://www.isotc211.org/2005/gco,gmd:identificationInfo£gmd:MD_DataIdentification£gmd:descriptiveKeywords£gmd:MD_Keywords£gmd:thesaurusName£gmd:CI_Citation£gmd:date£@xmlns:gco:,gmd:identificationInfo,gmd:MD_DataIdentification,gmd:descriptiveKeywords,gmd:MD_Keywords,gmd:thesaurusName,gmd:CI_Citation,gmd:date,@xmlns:gco:,,,,,
136,gmd:identificationInfo.gmd:MD_DataIdentification.gmd:descriptiveKeywords.gmd:MD_Keywords.gmd:thesaurusName.gmd:CI_Citation.gmd:date.@gco:nilReason:§unknown,unknown,gmd:identificationInfo£gmd:MD_DataIdentification£gmd:descriptiveKeywords£gmd:MD_Keywords£gmd:thesaurusName£gmd:CI_Citation£gmd:date£@gco:nilReason:,gmd:identificationInfo,gmd:MD_DataIdentification,gmd:descriptiveKeywords,gmd:MD_Keywords,gmd:thesaurusName,gmd:CI_Citation,gmd:date,@gco:nilReason:,,,,,
137,gmd:identificationInfo.gmd:MD_DataIdentification.gmd:descriptiveKeywords.gmd:MD_Keywords.gmd:keyword.gco:CharacterString.@xmlns:gco:§http://www.isotc211.org/2005/gco,http://www.isotc211.org/2005/gco,gmd:identificationInfo£gmd:MD_DataIdentification£gmd:descriptiveKeywords£gmd:MD_Keywords£gmd:keyword£gco:CharacterString£@xmlns:gco:,gmd:identificationInfo,gmd:MD_DataIdentification,gmd:descriptiveKeywords,gmd:MD_Keywords,gmd:keyword,gco:CharacterString,@xmlns:gco:,,,,,,
138,gmd:identificationInfo.gmd:MD_DataIdentification.gmd:descriptiveKeywords.gmd:MD_Keywords.gmd:keyword.gco:CharacterString.#text:§Installations de suivi environnemental,Installations de suivi environnemental,gmd:identificationInfo£gmd:MD_DataIdentification£gmd:descriptiveKeywords£gmd:MD_Keywords£gmd:keyword£gco:CharacterString£#text:,gmd:identificationInfo,gmd:MD_DataIdentification,gmd:descriptiveKeywords,gmd:MD_Keywords,gmd:keyword,gco:CharacterString,#text:,,,,,,
139,gmd:identificationInfo.gmd:MD_DataIdentification.gmd:descriptiveKeywords.gmd:MD_Keywords.gmd:type.gmd:MD_KeywordTypeCode.@codeList:§http://standards.iso.org/iso/19139/resources/gmxCodelists.xml#MD_KeywordTypeCode,http://standards.iso.org/iso/19139/resources/gmxCodelists.xml#MD_KeywordTypeCode,gmd:identificationInfo£gmd:MD_DataIdentification£gmd:descriptiveKeywords£gmd:MD_Keywords£gmd:type£gmd:MD_KeywordTypeCode£@codeList:,gmd:identificationInfo,gmd:MD_DataIdentification,gmd:descriptiveKeywords,gmd:MD_Keywords,gmd:type,gmd:MD_KeywordTypeCode,@codeList:,,,,,,
140,gmd:identificationInfo.gmd:MD_DataIdentification.gmd:descriptiveKeywords.gmd:MD_Keywords.gmd:type.gmd:MD_KeywordTypeCode.@codeListValue:§theme,theme,gmd:identificationInfo£gmd:MD_DataIdentification£gmd:descriptiveKeywords£gmd:MD_Keywords£gmd:type£gmd:MD_KeywordTypeCode£@codeListValue:,gmd:identificationInfo,gmd:MD_DataIdentification,gmd:descriptiveKeywords,gmd:MD_Keywords,gmd:type,gmd:MD_KeywordTypeCode,@codeListValue:,,,,,,
141,gmd:identificationInfo.gmd:MD_DataIdentification.gmd:descriptiveKeywords.gmd:MD_Keywords.gmd:thesaurusName.gmd:CI_Citation.gmd:title.gco:CharacterString.@xmlns:gco:§http://www.isotc211.org/2005/gco,http://www.isotc211.org/2005/gco,gmd:identificationInfo£gmd:MD_DataIdentification£gmd:descriptiveKeywords£gmd:MD_Keywords£gmd:thesaurusName£gmd:CI_Citation£gmd:title£gco:CharacterString£@xmlns:gco:,gmd:identificationInfo,gmd:MD_DataIdentification,gmd:descriptiveKeywords,gmd:MD_Keywords,gmd:thesaurusName,gmd:CI_Citation,gmd:title,gco:CharacterString,@xmlns:gco:,,,,
142,gmd:identificationInfo.gmd:MD_DataIdentification.gmd:descriptiveKeywords.gmd:MD_Keywords.gmd:thesaurusName.gmd:CI_Citation.gmd:title.gco:CharacterString.#text:§INSPIRE themes,INSPIRE themes,gmd:identificationInfo£gmd:MD_DataIdentification£gmd:descriptiveKeywords£gmd:MD_Keywords£gmd:thesaurusName£gmd:CI_Citation£gmd:title£gco:CharacterString£#text:,gmd:identificationInfo,gmd:MD_DataIdentification,gmd:descriptiveKeywords,gmd:MD_Keywords,gmd:thesaurusName,gmd:CI_Citation,gmd:title,gco:CharacterString,#text:,,,,
143,gmd:identificationInfo.gmd:MD_DataIdentification.gmd:descriptiveKeywords.gmd:MD_Keywords.gmd:thesaurusName.gmd:CI_Citation.gmd:date.gmd:CI_Date.gmd:date.gco:Date.@xmlns:gco:§http://www.isotc211.org/2005/gco,http://www.isotc211.org/2005/gco,gmd:identificationInfo£gmd:MD_DataIdentification£gmd:descriptiveKeywords£gmd:MD_Keywords£gmd:thesaurusName£gmd:CI_Citation£gmd:date£gmd:CI_Date£gmd:date£gco:Date£@xmlns:gco:,gmd:identificationInfo,gmd:MD_DataIdentification,gmd:descriptiveKeywords,gmd:MD_Keywords,gmd:thesaurusName,gmd:CI_Citation,gmd:date,gmd:CI_Date,gmd:date,gco:Date,@xmlns:gco:,,
144,gmd:identificationInfo.gmd:MD_DataIdentification.gmd:descriptiveKeywords.gmd:MD_Keywords.gmd:thesaurusName.gmd:CI_Citation.gmd:date.gmd:CI_Date.gmd:date.gco:Date.#text:§2008-06-01,2008-06-01,gmd:identificationInfo£gmd:MD_DataIdentification£gmd:descriptiveKeywords£gmd:MD_Keywords£gmd:thesaurusName£gmd:CI_Citation£gmd:date£gmd:CI_Date£gmd:date£gco:Date£#text:,gmd:identificationInfo,gmd:MD_DataIdentification,gmd:descriptiveKeywords,gmd:MD_Keywords,gmd:thesaurusName,gmd:CI_Citation,gmd:date,gmd:CI_Date,gmd:date,gco:Date,#text:,,
145,gmd:identificationInfo.gmd:MD_DataIdentification.gmd:descriptiveKeywords.gmd:MD_Keywords.gmd:thesaurusName.gmd:CI_Citation.gmd:date.gmd:CI_Date.gmd:dateType.gmd:CI_DateTypeCode.@codeList:§http://standards.iso.org/iso/19139/resources/gmxCodelists.xml#CI_DateTypeCode,http://standards.iso.org/iso/19139/resources/gmxCodelists.xml#CI_DateTypeCode,gmd:identificationInfo£gmd:MD_DataIdentification£gmd:descriptiveKeywords£gmd:MD_Keywords£gmd:thesaurusName£gmd:CI_Citation£gmd:date£gmd:CI_Date£gmd:dateType£gmd:CI_DateTypeCode£@codeList:,gmd:identificationInfo,gmd:MD_DataIdentification,gmd:descriptiveKeywords,gmd:MD_Keywords,gmd:thesaurusName,gmd:CI_Citation,gmd:date,gmd:CI_Date,gmd:dateType,gmd:CI_DateTypeCode,@codeList:,,
146,gmd:identificationInfo.gmd:MD_DataIdentification.gmd:descriptiveKeywords.gmd:MD_Keywords.gmd:thesaurusName.gmd:CI_Citation.gmd:date.gmd:CI_Date.gmd:dateType.gmd:CI_DateTypeCode.@codeListValue:§publication,publication,gmd:identificationInfo£gmd:MD_DataIdentification£gmd:descriptiveKeywords£gmd:MD_Keywords£gmd:thesaurusName£gmd:CI_Citation£gmd:date£gmd:CI_Date£gmd:dateType£gmd:CI_DateTypeCode£@codeListValue:,gmd:identificationInfo,gmd:MD_DataIdentification,gmd:descriptiveKeywords,gmd:MD_Keywords,gmd:thesaurusName,gmd:CI_Citation,gmd:date,gmd:CI_Date,gmd:dateType,gmd:CI_DateTypeCode,@codeListValue:,,
147,gmd:identificationInfo.gmd:MD_DataIdentification.gmd:descriptiveKeywords.gmd:MD_Keywords.gmd:thesaurusName.gmd:CI_Citation.gmd:identifier.gmd:MD_Identifier.gmd:code.gmx:Anchor.@xmlns:gmx:§http://www.isotc211.org/2005/gmx,http://www.isotc211.org/2005/gmx,gmd:identificationInfo£gmd:MD_DataIdentification£gmd:descriptiveKeywords£gmd:MD_Keywords£gmd:thesaurusName£gmd:CI_Citation£gmd:identifier£gmd:MD_Identifier£gmd:code£gmx:Anchor£@xmlns:gmx:,gmd:identificationInfo,gmd:MD_DataIdentification,gmd:descriptiveKeywords,gmd:MD_Keywords,gmd:thesaurusName,gmd:CI_Citation,gmd:identifier,gmd:MD_Identifier,gmd:code,gmx:Anchor,@xmlns:gmx:,,
148,gmd:identificationInfo.gmd:MD_DataIdentification.gmd:descriptiveKeywords.gmd:MD_Keywords.gmd:thesaurusName.gmd:CI_Citation.gmd:identifier.gmd:MD_Identifier.gmd:code.gmx:Anchor.@xmlns:xlink:§http://www.w3.org/1999/xlink,http://www.w3.org/1999/xlink,gmd:identificationInfo£gmd:MD_DataIdentification£gmd:descriptiveKeywords£gmd:MD_Keywords£gmd:thesaurusName£gmd:CI_Citation£gmd:identifier£gmd:MD_Identifier£gmd:code£gmx:Anchor£@xmlns:xlink:,gmd:identificationInfo,gmd:MD_DataIdentification,gmd:descriptiveKeywords,gmd:MD_Keywords,gmd:thesaurusName,gmd:CI_Citation,gmd:identifier,gmd:MD_Identifier,gmd:code,gmx:Anchor,@xmlns:xlink:,,
149,gmd:identificationInfo.gmd:MD_DataIdentification.gmd:descriptiveKeywords.gmd:MD_Keywords.gmd:thesaurusName.gmd:CI_Citation.gmd:identifier.gmd:MD_Identifier.gmd:code.gmx:Anchor.@xlink:href:§https://portail.indigeo.fr/geonetwork/srv/eng/thesaurus.download?ref=external.theme.inspire-theme,https://portail.indigeo.fr/geonetwork/srv/eng/thesaurus.download?ref=external.theme.inspire-theme,gmd:identificationInfo£gmd:MD_DataIdentification£gmd:descriptiveKeywords£gmd:MD_Keywords£gmd:thesaurusName£gmd:CI_Citation£gmd:identifier£gmd:MD_Identifier£gmd:code£gmx:Anchor£@xlink:href:,gmd:identificationInfo,gmd:MD_DataIdentification,gmd:descriptiveKeywords,gmd:MD_Keywords,gmd:thesaurusName,gmd:CI_Citation,gmd:identifier,gmd:MD_Identifier,gmd:code,gmx:Anchor,@xlink:href:,,
150,gmd:identificationInfo.gmd:MD_DataIdentification.gmd:descriptiveKeywords.gmd:MD_Keywords.gmd:thesaurusName.gmd:CI_Citation.gmd:identifier.gmd:MD_Identifier.gmd:code.gmx:Anchor.#text:§geonetwork.thesaurus.external.theme.inspire-theme,geonetwork.thesaurus.external.theme.inspire-theme,gmd:identificationInfo£gmd:MD_DataIdentification£gmd:descriptiveKeywords£gmd:MD_Keywords£gmd:thesaurusName£gmd:CI_Citation£gmd:identifier£gmd:MD_Identifier£gmd:code£gmx:Anchor£#text:,gmd:identificationInfo,gmd:MD_DataIdentification,gmd:descriptiveKeywords,gmd:MD_Keywords,gmd:thesaurusName,gmd:CI_Citation,gmd:identifier,gmd:MD_Identifier,gmd:code,gmx:Anchor,#text:,,
151,gmd:identificationInfo.gmd:MD_DataIdentification.gmd:resourceConstraints.gmd:MD_LegalConstraints.gmd:useLimitation.gco:CharacterString.@xmlns:gco:§http://www.isotc211.org/2005/gco,http://www.isotc211.org/2005/gco,gmd:identificationInfo£gmd:MD_DataIdentification£gmd:resourceConstraints£gmd:MD_LegalConstraints£gmd:useLimitation£gco:CharacterString£@xmlns:gco:,gmd:identificationInfo,gmd:MD_DataIdentification,gmd:resourceConstraints,gmd:MD_LegalConstraints,gmd:useLimitation,gco:CharacterString,@xmlns:gco:,,,,,,
152,gmd:identificationInfo.gmd:MD_DataIdentification.gmd:resourceConstraints.gmd:MD_LegalConstraints.gmd:useLimitation.gco:CharacterString.#text:§Utilisation libre sous réserve de mentionner la source (a minima le nom du producteur) et la date de sa dernière mise à jour,Utilisation libre sous réserve de mentionner la source (a minima le nom du producteur) et la date de sa dernière mise à jour,gmd:identificationInfo£gmd:MD_DataIdentification£gmd:resourceConstraints£gmd:MD_LegalConstraints£gmd:useLimitation£gco:CharacterString£#text:,gmd:identificationInfo,gmd:MD_DataIdentification,gmd:resourceConstraints,gmd:MD_LegalConstraints,gmd:useLimitation,gco:CharacterString,#text:,,,,,,
153,gmd:identificationInfo.gmd:MD_DataIdentification.gmd:resourceConstraints.gmd:MD_LegalConstraints.gmd:accessConstraints.gmd:MD_RestrictionCode.@codeList:§http://standards.iso.org/iso/19139/resources/gmxCodelists.xml#MD_RestrictionCode,http://standards.iso.org/iso/19139/resources/gmxCodelists.xml#MD_RestrictionCode,gmd:identificationInfo£gmd:MD_DataIdentification£gmd:resourceConstraints£gmd:MD_LegalConstraints£gmd:accessConstraints£gmd:MD_RestrictionCode£@codeList:,gmd:identificationInfo,gmd:MD_DataIdentification,gmd:resourceConstraints,gmd:MD_LegalConstraints,gmd:accessConstraints,gmd:MD_RestrictionCode,@codeList:,,,,,,
154,gmd:identificationInfo.gmd:MD_DataIdentification.gmd:resourceConstraints.gmd:MD_LegalConstraints.gmd:accessConstraints.gmd:MD_RestrictionCode.@codeListValue:§otherRestrictions,otherRestrictions,gmd:identificationInfo£gmd:MD_DataIdentification£gmd:resourceConstraints£gmd:MD_LegalConstraints£gmd:accessConstraints£gmd:MD_RestrictionCode£@codeListValue:,gmd:identificationInfo,gmd:MD_DataIdentification,gmd:resourceConstraints,gmd:MD_LegalConstraints,gmd:accessConstraints,gmd:MD_RestrictionCode,@codeListValue:,,,,,,
155,gmd:identificationInfo.gmd:MD_DataIdentification.gmd:resourceConstraints.gmd:MD_LegalConstraints.gmd:useConstraints.gmd:MD_RestrictionCode.@codeList:§http://standards.iso.org/iso/19139/resources/gmxCodelists.xml#MD_RestrictionCode,http://standards.iso.org/iso/19139/resources/gmxCodelists.xml#MD_RestrictionCode,gmd:identificationInfo£gmd:MD_DataIdentification£gmd:resourceConstraints£gmd:MD_LegalConstraints£gmd:useConstraints£gmd:MD_RestrictionCode£@codeList:,gmd:identificationInfo,gmd:MD_DataIdentification,gmd:resourceConstraints,gmd:MD_LegalConstraints,gmd:useConstraints,gmd:MD_RestrictionCode,@codeList:,,,,,,
156,gmd:identificationInfo.gmd:MD_DataIdentification.gmd:resourceConstraints.gmd:MD_LegalConstraints.gmd:useConstraints.gmd:MD_RestrictionCode.@codeListValue:§intellectualPropertyRights,intellectualPropertyRights,gmd:identificationInfo£gmd:MD_DataIdentification£gmd:resourceConstraints£gmd:MD_LegalConstraints£gmd:useConstraints£gmd:MD_RestrictionCode£@codeListValue:,gmd:identificationInfo,gmd:MD_DataIdentification,gmd:resourceConstraints,gmd:MD_LegalConstraints,gmd:useConstraints,gmd:MD_RestrictionCode,@codeListValue:,,,,,,
157,gmd:identificationInfo.gmd:MD_DataIdentification.gmd:resourceConstraints.gmd:MD_LegalConstraints.gmd:otherConstraints.gco:CharacterString.@xmlns:gco:§http://www.isotc211.org/2005/gco,http://www.isotc211.org/2005/gco,gmd:identificationInfo£gmd:MD_DataIdentification£gmd:resourceConstraints£gmd:MD_LegalConstraints£gmd:otherConstraints£gco:CharacterString£@xmlns:gco:,gmd:identificationInfo,gmd:MD_DataIdentification,gmd:resourceConstraints,gmd:MD_LegalConstraints,gmd:otherConstraints,gco:CharacterString,@xmlns:gco:,,,,,,
158,"gmd:identificationInfo.gmd:MD_DataIdentification.gmd:resourceConstraints.gmd:MD_LegalConstraints.gmd:otherConstraints.gco:CharacterString.#text:§Le fournisseur n’est pas en mesure de garantir l’exactitude, la mise à jour, l’intégrité, l’exhaustivité des données et en particulier qu'elles sont exemptes d'erreurs ou d'imprécisions, notamment de localisation, d’identification ou de qualification. Aucune garantie quant à l'aptitude des données à un usage particulier n'est apportée par le fournisseur. Les utilisateurs utilisent les données sous leur responsabilité pleine et entière, sans recours possible contre le fournisseur dont la responsabilité ne saurait être engagée du fait d’un dommage résultant directement ou indirectement de l’utilisation de ces données. En particulier, il appartient aux utilisateurs d’apprécier, sous leur seule responsabilité : l'opportunité d'utiliser les données; la compatibilité des fichiers avec leurs systèmes informatiques; l’adéquation des données à leurs besoins; qu’ils disposent de la compétence suffisante pour utiliser les données. Le fournisseur n’est en aucune façon responsable des éléments extérieurs aux données et notamment des outils d’analyse, matériels, logiciels, réseaux..., utilisés pour consulter et/ou traiter les données. L’utilisateur veille à vérifier que l’actualité des informations mises à disposition est compatible avec l’usage qu’il en fait.","Le fournisseur n’est pas en mesure de garantir l’exactitude, la mise à jour, l’intégrité, l’exhaustivité des données et en particulier qu'elles sont exemptes d'erreurs ou d'imprécisions, notamment de localisation, d’identification ou de qualification. Aucune garantie quant à l'aptitude des données à un usage particulier n'est apportée par le fournisseur. Les utilisateurs utilisent les données sous leur responsabilité pleine et entière, sans recours possible contre le fournisseur dont la responsabilité ne saurait être engagée du fait d’un dommage résultant directement ou indirectement de l’utilisation de ces données. En particulier, il appartient aux utilisateurs d’apprécier, sous leur seule responsabilité : l'opportunité d'utiliser les données; la compatibilité des fichiers avec leurs systèmes informatiques; l’adéquation des données à leurs besoins; qu’ils disposent de la compétence suffisante pour utiliser les données. Le fournisseur n’est en aucune façon responsable des éléments extérieurs aux données et notamment des outils d’analyse, matériels, logiciels, réseaux..., utilisés pour consulter et/ou traiter les données. L’utilisateur veille à vérifier que l’actualité des informations mises à disposition est compatible avec l’usage qu’il en fait.",gmd:identificationInfo£gmd:MD_DataIdentification£gmd:resourceConstraints£gmd:MD_LegalConstraints£gmd:otherConstraints£gco:CharacterString£#text:,gmd:identificationInfo,gmd:MD_DataIdentification,gmd:resourceConstraints,gmd:MD_LegalConstraints,gmd:otherConstraints,gco:CharacterString,#text:,,,,,,
159,gmd:identificationInfo.gmd:MD_DataIdentification.gmd:spatialRepresentationType.gmd:MD_SpatialRepresentationTypeCode.@codeList:§http://standards.iso.org/iso/19139/resources/gmxCodelists.xml#MD_SpatialRepresentationTypeCode,http://standards.iso.org/iso/19139/resources/gmxCodelists.xml#MD_SpatialRepresentationTypeCode,gmd:identificationInfo£gmd:MD_DataIdentification£gmd:spatialRepresentationType£gmd:MD_SpatialRepresentationTypeCode£@codeList:,gmd:identificationInfo,gmd:MD_DataIdentification,gmd:spatialRepresentationType,gmd:MD_SpatialRepresentationTypeCode,@codeList:,,,,,,,,
160,gmd:identificationInfo.gmd:MD_DataIdentification.gmd:spatialRepresentationType.gmd:MD_SpatialRepresentationTypeCode.@codeListValue:§vector,vector,gmd:identificationInfo£gmd:MD_DataIdentification£gmd:spatialRepresentationType£gmd:MD_SpatialRepresentationTypeCode£@codeListValue:,gmd:identificationInfo,gmd:MD_DataIdentification,gmd:spatialRepresentationType,gmd:MD_SpatialRepresentationTypeCode,@codeListValue:,,,,,,,,
161,gmd:identificationInfo.gmd:MD_DataIdentification.gmd:spatialResolution.gmd:MD_Resolution.gmd:equivalentScale.gmd:MD_RepresentativeFraction.gmd:denominator.gco:Integer.@xmlns:gco:§http://www.isotc211.org/2005/gco,http://www.isotc211.org/2005/gco,gmd:identificationInfo£gmd:MD_DataIdentification£gmd:spatialResolution£gmd:MD_Resolution£gmd:equivalentScale£gmd:MD_RepresentativeFraction£gmd:denominator£gco:Integer£@xmlns:gco:,gmd:identificationInfo,gmd:MD_DataIdentification,gmd:spatialResolution,gmd:MD_Resolution,gmd:equivalentScale,gmd:MD_RepresentativeFraction,gmd:denominator,gco:Integer,@xmlns:gco:,,,,
162,gmd:identificationInfo.gmd:MD_DataIdentification.gmd:spatialResolution.gmd:MD_Resolution.gmd:equivalentScale.gmd:MD_RepresentativeFraction.gmd:denominator.gco:Integer.#text:§5000000,5000000,gmd:identificationInfo£gmd:MD_DataIdentification£gmd:spatialResolution£gmd:MD_Resolution£gmd:equivalentScale£gmd:MD_RepresentativeFraction£gmd:denominator£gco:Integer£#text:,gmd:identificationInfo,gmd:MD_DataIdentification,gmd:spatialResolution,gmd:MD_Resolution,gmd:equivalentScale,gmd:MD_RepresentativeFraction,gmd:denominator,gco:Integer,#text:,,,,
163,gmd:identificationInfo.gmd:MD_DataIdentification.gmd:language.gco:CharacterString.@xmlns:gco:§http://www.isotc211.org/2005/gco,http://www.isotc211.org/2005/gco,gmd:identificationInfo£gmd:MD_DataIdentification£gmd:language£gco:CharacterString£@xmlns:gco:,gmd:identificationInfo,gmd:MD_DataIdentification,gmd:language,gco:CharacterString,@xmlns:gco:,,,,,,,,
164,gmd:identificationInfo.gmd:MD_DataIdentification.gmd:language.gco:CharacterString.#text:§fre,fre,gmd:identificationInfo£gmd:MD_DataIdentification£gmd:language£gco:CharacterString£#text:,gmd:identificationInfo,gmd:MD_DataIdentification,gmd:language,gco:CharacterString,#text:,,,,,,,,
165,gmd:identificationInfo.gmd:MD_DataIdentification.gmd:characterSet.gmd:MD_CharacterSetCode.@codeList:§http://standards.iso.org/iso/19139/resources/gmxCodelists.xml#MD_CharacterSetCode,http://standards.iso.org/iso/19139/resources/gmxCodelists.xml#MD_CharacterSetCode,gmd:identificationInfo£gmd:MD_DataIdentification£gmd:characterSet£gmd:MD_CharacterSetCode£@codeList:,gmd:identificationInfo,gmd:MD_DataIdentification,gmd:characterSet,gmd:MD_CharacterSetCode,@codeList:,,,,,,,,
166,gmd:identificationInfo.gmd:MD_DataIdentification.gmd:characterSet.gmd:MD_CharacterSetCode.@codeListValue:§utf8,utf8,gmd:identificationInfo£gmd:MD_DataIdentification£gmd:characterSet£gmd:MD_CharacterSetCode£@codeListValue:,gmd:identificationInfo,gmd:MD_DataIdentification,gmd:characterSet,gmd:MD_CharacterSetCode,@codeListValue:,,,,,,,,
167,gmd:identificationInfo.gmd:MD_DataIdentification.gmd:topicCategory.gmd:MD_TopicCategoryCode:§environment,environment,gmd:identificationInfo£gmd:MD_DataIdentification£gmd:topicCategory£gmd:MD_TopicCategoryCode:,gmd:identificationInfo,gmd:MD_DataIdentification,gmd:topicCategory,gmd:MD_TopicCategoryCode:,,,,,,,,,
168,gmd:identificationInfo.gmd:MD_DataIdentification.gmd:extent.gmd:EX_Extent.gmd:description.gco:CharacterString.@xmlns:gco:§http://www.isotc211.org/2005/gco,http://www.isotc211.org/2005/gco,gmd:identificationInfo£gmd:MD_DataIdentification£gmd:extent£gmd:EX_Extent£gmd:description£gco:CharacterString£@xmlns:gco:,gmd:identificationInfo,gmd:MD_DataIdentification,gmd:extent,gmd:EX_Extent,gmd:description,gco:CharacterString,@xmlns:gco:,,,,,,
169,gmd:identificationInfo.gmd:MD_DataIdentification.gmd:extent.gmd:EX_Extent.gmd:description.gco:CharacterString.#text:§Maroc,Maroc,gmd:identificationInfo£gmd:MD_DataIdentification£gmd:extent£gmd:EX_Extent£gmd:description£gco:CharacterString£#text:,gmd:identificationInfo,gmd:MD_DataIdentification,gmd:extent,gmd:EX_Extent,gmd:description,gco:CharacterString,#text:,,,,,,
170,gmd:identificationInfo.gmd:MD_DataIdentification.gmd:extent.gmd:EX_Extent.gmd:geographicElement.gmd:EX_GeographicBoundingBox.gmd:westBoundLongitude.gco:Decimal.@xmlns:gco:§http://www.isotc211.org/2005/gco,http://www.isotc211.org/2005/gco,gmd:identificationInfo£gmd:MD_DataIdentification£gmd:extent£gmd:EX_Extent£gmd:geographicElement£gmd:EX_GeographicBoundingBox£gmd:westBoundLongitude£gco:Decimal£@xmlns:gco:,gmd:identificationInfo,gmd:MD_DataIdentification,gmd:extent,gmd:EX_Extent,gmd:geographicElement,gmd:EX_GeographicBoundingBox,gmd:westBoundLongitude,gco:Decimal,@xmlns:gco:,,,,
171,gmd:identificationInfo.gmd:MD_DataIdentification.gmd:extent.gmd:EX_Extent.gmd:geographicElement.gmd:EX_GeographicBoundingBox.gmd:westBoundLongitude.gco:Decimal.#text:§-13.17496,-13.17496,gmd:identificationInfo£gmd:MD_DataIdentification£gmd:extent£gmd:EX_Extent£gmd:geographicElement£gmd:EX_GeographicBoundingBox£gmd:westBoundLongitude£gco:Decimal£#text:,gmd:identificationInfo,gmd:MD_DataIdentification,gmd:extent,gmd:EX_Extent,gmd:geographicElement,gmd:EX_GeographicBoundingBox,gmd:westBoundLongitude,gco:Decimal,#text:,,,,
172,gmd:identificationInfo.gmd:MD_DataIdentification.gmd:extent.gmd:EX_Extent.gmd:geographicElement.gmd:EX_GeographicBoundingBox.gmd:eastBoundLongitude.gco:Decimal.@xmlns:gco:§http://www.isotc211.org/2005/gco,http://www.isotc211.org/2005/gco,gmd:identificationInfo£gmd:MD_DataIdentification£gmd:extent£gmd:EX_Extent£gmd:geographicElement£gmd:EX_GeographicBoundingBox£gmd:eastBoundLongitude£gco:Decimal£@xmlns:gco:,gmd:identificationInfo,gmd:MD_DataIdentification,gmd:extent,gmd:EX_Extent,gmd:geographicElement,gmd:EX_GeographicBoundingBox,gmd:eastBoundLongitude,gco:Decimal,@xmlns:gco:,,,,
173,gmd:identificationInfo.gmd:MD_DataIdentification.gmd:extent.gmd:EX_Extent.gmd:geographicElement.gmd:EX_GeographicBoundingBox.gmd:eastBoundLongitude.gco:Decimal.#text:§-1.01181,-1.01181,gmd:identificationInfo£gmd:MD_DataIdentification£gmd:extent£gmd:EX_Extent£gmd:geographicElement£gmd:EX_GeographicBoundingBox£gmd:eastBoundLongitude£gco:Decimal£#text:,gmd:identificationInfo,gmd:MD_DataIdentification,gmd:extent,gmd:EX_Extent,gmd:geographicElement,gmd:EX_GeographicBoundingBox,gmd:eastBoundLongitude,gco:Decimal,#text:,,,,
174,gmd:identificationInfo.gmd:MD_DataIdentification.gmd:extent.gmd:EX_Extent.gmd:geographicElement.gmd:EX_GeographicBoundingBox.gmd:southBoundLatitude.gco:Decimal.@xmlns:gco:§http://www.isotc211.org/2005/gco,http://www.isotc211.org/2005/gco,gmd:identificationInfo£gmd:MD_DataIdentification£gmd:extent£gmd:EX_Extent£gmd:geographicElement£gmd:EX_GeographicBoundingBox£gmd:southBoundLatitude£gco:Decimal£@xmlns:gco:,gmd:identificationInfo,gmd:MD_DataIdentification,gmd:extent,gmd:EX_Extent,gmd:geographicElement,gmd:EX_GeographicBoundingBox,gmd:southBoundLatitude,gco:Decimal,@xmlns:gco:,,,,
175,gmd:identificationInfo.gmd:MD_DataIdentification.gmd:extent.gmd:EX_Extent.gmd:geographicElement.gmd:EX_GeographicBoundingBox.gmd:southBoundLatitude.gco:Decimal.#text:§27.66424,27.66424,gmd:identificationInfo£gmd:MD_DataIdentification£gmd:extent£gmd:EX_Extent£gmd:geographicElement£gmd:EX_GeographicBoundingBox£gmd:southBoundLatitude£gco:Decimal£#text:,gmd:identificationInfo,gmd:MD_DataIdentification,gmd:extent,gmd:EX_Extent,gmd:geographicElement,gmd:EX_GeographicBoundingBox,gmd:southBoundLatitude,gco:Decimal,#text:,,,,
176,gmd:identificationInfo.gmd:MD_DataIdentification.gmd:extent.gmd:EX_Extent.gmd:geographicElement.gmd:EX_GeographicBoundingBox.gmd:northBoundLatitude.gco:Decimal.@xmlns:gco:§http://www.isotc211.org/2005/gco,http://www.isotc211.org/2005/gco,gmd:identificationInfo£gmd:MD_DataIdentification£gmd:extent£gmd:EX_Extent£gmd:geographicElement£gmd:EX_GeographicBoundingBox£gmd:northBoundLatitude£gco:Decimal£@xmlns:gco:,gmd:identificationInfo,gmd:MD_DataIdentification,gmd:extent,gmd:EX_Extent,gmd:geographicElement,gmd:EX_GeographicBoundingBox,gmd:northBoundLatitude,gco:Decimal,@xmlns:gco:,,,,
177,gmd:identificationInfo.gmd:MD_DataIdentification.gmd:extent.gmd:EX_Extent.gmd:geographicElement.gmd:EX_GeographicBoundingBox.gmd:northBoundLatitude.gco:Decimal.#text:§35.91917,35.91917,gmd:identificationInfo£gmd:MD_DataIdentification£gmd:extent£gmd:EX_Extent£gmd:geographicElement£gmd:EX_GeographicBoundingBox£gmd:northBoundLatitude£gco:Decimal£#text:,gmd:identificationInfo,gmd:MD_DataIdentification,gmd:extent,gmd:EX_Extent,gmd:geographicElement,gmd:EX_GeographicBoundingBox,gmd:northBoundLatitude,gco:Decimal,#text:,,,,
178,gmd:identificationInfo.gmd:MD_DataIdentification.gmd:extent.gmd:EX_Extent.gmd:temporalElement:§None,None,gmd:identificationInfo£gmd:MD_DataIdentification£gmd:extent£gmd:EX_Extent£gmd:temporalElement:,gmd:identificationInfo,gmd:MD_DataIdentification,gmd:extent,gmd:EX_Extent,gmd:temporalElement:,,,,,,,,
179,gmd:identificationInfo.gmd:MD_DataIdentification.gmd:extent.gmd:EX_Extent.gmd:temporalElement.gmd:EX_TemporalExtent.gmd:extent.gml:TimePeriod.@xmlns:gml:§http://www.opengis.net/gml/3.2,http://www.opengis.net/gml/3.2,gmd:identificationInfo£gmd:MD_DataIdentification£gmd:extent£gmd:EX_Extent£gmd:temporalElement£gmd:EX_TemporalExtent£gmd:extent£gml:TimePeriod£@xmlns:gml:,gmd:identificationInfo,gmd:MD_DataIdentification,gmd:extent,gmd:EX_Extent,gmd:temporalElement,gmd:EX_TemporalExtent,gmd:extent,gml:TimePeriod,@xmlns:gml:,,,,
180,gmd:identificationInfo.gmd:MD_DataIdentification.gmd:extent.gmd:EX_Extent.gmd:temporalElement.gmd:EX_TemporalExtent.gmd:extent.gml:TimePeriod.@gml:id:§d634317e332a1050910,d634317e332a1050910,gmd:identificationInfo£gmd:MD_DataIdentification£gmd:extent£gmd:EX_Extent£gmd:temporalElement£gmd:EX_TemporalExtent£gmd:extent£gml:TimePeriod£@gml:id:,gmd:identificationInfo,gmd:MD_DataIdentification,gmd:extent,gmd:EX_Extent,gmd:temporalElement,gmd:EX_TemporalExtent,gmd:extent,gml:TimePeriod,@gml:id:,,,,
181,gmd:identificationInfo.gmd:MD_DataIdentification.gmd:extent.gmd:EX_Extent.gmd:temporalElement.gmd:EX_TemporalExtent.gmd:extent.gml:TimePeriod.gml:beginPosition:§None,None,gmd:identificationInfo£gmd:MD_DataIdentification£gmd:extent£gmd:EX_Extent£gmd:temporalElement£gmd:EX_TemporalExtent£gmd:extent£gml:TimePeriod£gml:beginPosition:,gmd:identificationInfo,gmd:MD_DataIdentification,gmd:extent,gmd:EX_Extent,gmd:temporalElement,gmd:EX_TemporalExtent,gmd:extent,gml:TimePeriod,gml:beginPosition:,,,,
182,gmd:identificationInfo.gmd:MD_DataIdentification.gmd:extent.gmd:EX_Extent.gmd:temporalElement.gmd:EX_TemporalExtent.gmd:extent.gml:TimePeriod.gml:endPosition:§None,None,gmd:identificationInfo£gmd:MD_DataIdentification£gmd:extent£gmd:EX_Extent£gmd:temporalElement£gmd:EX_TemporalExtent£gmd:extent£gml:TimePeriod£gml:endPosition:,gmd:identificationInfo,gmd:MD_DataIdentification,gmd:extent,gmd:EX_Extent,gmd:temporalElement,gmd:EX_TemporalExtent,gmd:extent,gml:TimePeriod,gml:endPosition:,,,,
183,gmd:distributionInfo.@xmlns:date:§http://exslt.org/dates-and-times,http://exslt.org/dates-and-times,gmd:distributionInfo£@xmlns:date:,gmd:distributionInfo,@xmlns:date:,,,,,,,,,,,
184,gmd:distributionInfo.@xmlns:gfc:§http://www.isotc211.org/2005/gfc,http://www.isotc211.org/2005/gfc,gmd:distributionInfo£@xmlns:gfc:,gmd:distributionInfo,@xmlns:gfc:,,,,,,,,,,,
185,gmd:distributionInfo.gmd:MD_Distribution.gmd:distributionFormat.gmd:MD_Format.gmd:name.gco:CharacterString.@xmlns:gco:§http://www.isotc211.org/2005/gco,http://www.isotc211.org/2005/gco,gmd:distributionInfo£gmd:MD_Distribution£gmd:distributionFormat£gmd:MD_Format£gmd:name£gco:CharacterString£@xmlns:gco:,gmd:distributionInfo,gmd:MD_Distribution,gmd:distributionFormat,gmd:MD_Format,gmd:name,gco:CharacterString,@xmlns:gco:,,,,,,
186,gmd:distributionInfo.gmd:MD_Distribution.gmd:distributionFormat.gmd:MD_Format.gmd:name.gco:CharacterString.#text:§ESRI Shapefile,ESRI Shapefile,gmd:distributionInfo£gmd:MD_Distribution£gmd:distributionFormat£gmd:MD_Format£gmd:name£gco:CharacterString£#text:,gmd:distributionInfo,gmd:MD_Distribution,gmd:distributionFormat,gmd:MD_Format,gmd:name,gco:CharacterString,#text:,,,,,,
187,gmd:distributionInfo.gmd:MD_Distribution.gmd:distributionFormat.gmd:MD_Format.gmd:version.gco:CharacterString.@xmlns:gco:§http://www.isotc211.org/2005/gco,http://www.isotc211.org/2005/gco,gmd:distributionInfo£gmd:MD_Distribution£gmd:distributionFormat£gmd:MD_Format£gmd:version£gco:CharacterString£@xmlns:gco:,gmd:distributionInfo,gmd:MD_Distribution,gmd:distributionFormat,gmd:MD_Format,gmd:version,gco:CharacterString,@xmlns:gco:,,,,,,
188,gmd:distributionInfo.gmd:MD_Distribution.gmd:distributionFormat.gmd:MD_Format.gmd:version.gco:CharacterString.#text:§1.0,1.0,gmd:distributionInfo£gmd:MD_Distribution£gmd:distributionFormat£gmd:MD_Format£gmd:version£gco:CharacterString£#text:,gmd:distributionInfo,gmd:MD_Distribution,gmd:distributionFormat,gmd:MD_Format,gmd:version,gco:CharacterString,#text:,,,,,,
189,gmd:distributionInfo.gmd:MD_Distribution.gmd:transferOptions.gmd:MD_DigitalTransferOptions.gmd:onLine.gmd:CI_OnlineResource.gmd:linkage.gmd:URL:§https://portail.indigeo.fr/geonetwork/srv/fre/resources.get?uuid=4a67138d-b80c-465a-a0a7-e744a9ed2b20&fname=flux_flottille_2_conser.zip&access=public,https://portail.indigeo.fr/geonetwork/srv/fre/resources.get?uuid=4a67138d-b80c-465a-a0a7-e744a9ed2b20&fname=flux_flottille_2_conser.zip&access=public,gmd:distributionInfo£gmd:MD_Distribution£gmd:transferOptions£gmd:MD_DigitalTransferOptions£gmd:onLine£gmd:CI_OnlineResource£gmd:linkage£gmd:URL:,gmd:distributionInfo,gmd:MD_Distribution,gmd:transferOptions,gmd:MD_DigitalTransferOptions,gmd:onLine,gmd:CI_OnlineResource,gmd:linkage,gmd:URL:,,,,,
190,gmd:distributionInfo.gmd:MD_Distribution.gmd:transferOptions.gmd:MD_DigitalTransferOptions.gmd:onLine.gmd:CI_OnlineResource.gmd:protocol.gco:CharacterString.@xmlns:gco:§http://www.isotc211.org/2005/gco,http://www.isotc211.org/2005/gco,gmd:distributionInfo£gmd:MD_Distribution£gmd:transferOptions£gmd:MD_DigitalTransferOptions£gmd:onLine£gmd:CI_OnlineResource£gmd:protocol£gco:CharacterString£@xmlns:gco:,gmd:distributionInfo,gmd:MD_Distribution,gmd:transferOptions,gmd:MD_DigitalTransferOptions,gmd:onLine,gmd:CI_OnlineResource,gmd:protocol,gco:CharacterString,@xmlns:gco:,,,,
191,gmd:distributionInfo.gmd:MD_Distribution.gmd:transferOptions.gmd:MD_DigitalTransferOptions.gmd:onLine.gmd:CI_OnlineResource.gmd:protocol.gco:CharacterString.#text:§WWW:DOWNLOAD-1.0-http--download,WWW:DOWNLOAD-1.0-http--download,gmd:distributionInfo£gmd:MD_Distribution£gmd:transferOptions£gmd:MD_DigitalTransferOptions£gmd:onLine£gmd:CI_OnlineResource£gmd:protocol£gco:CharacterString£#text:,gmd:distributionInfo,gmd:MD_Distribution,gmd:transferOptions,gmd:MD_DigitalTransferOptions,gmd:onLine,gmd:CI_OnlineResource,gmd:protocol,gco:CharacterString,#text:,,,,
192,gmd:distributionInfo.gmd:MD_Distribution.gmd:transferOptions.gmd:MD_DigitalTransferOptions.gmd:onLine.gmd:CI_OnlineResource.gmd:name.gmx:MimeFileType.@xmlns:gmx:§http://www.isotc211.org/2005/gmx,http://www.isotc211.org/2005/gmx,gmd:distributionInfo£gmd:MD_Distribution£gmd:transferOptions£gmd:MD_DigitalTransferOptions£gmd:onLine£gmd:CI_OnlineResource£gmd:name£gmx:MimeFileType£@xmlns:gmx:,gmd:distributionInfo,gmd:MD_Distribution,gmd:transferOptions,gmd:MD_DigitalTransferOptions,gmd:onLine,gmd:CI_OnlineResource,gmd:name,gmx:MimeFileType,@xmlns:gmx:,,,,
193,gmd:distributionInfo.gmd:MD_Distribution.gmd:transferOptions.gmd:MD_DigitalTransferOptions.gmd:onLine.gmd:CI_OnlineResource.gmd:name.gmx:MimeFileType.@type:§application/zip,application/zip,gmd:distributionInfo£gmd:MD_Distribution£gmd:transferOptions£gmd:MD_DigitalTransferOptions£gmd:onLine£gmd:CI_OnlineResource£gmd:name£gmx:MimeFileType£@type:,gmd:distributionInfo,gmd:MD_Distribution,gmd:transferOptions,gmd:MD_DigitalTransferOptions,gmd:onLine,gmd:CI_OnlineResource,gmd:name,gmx:MimeFileType,@type:,,,,
194,gmd:distributionInfo.gmd:MD_Distribution.gmd:transferOptions.gmd:MD_DigitalTransferOptions.gmd:onLine.gmd:CI_OnlineResource.gmd:name.gmx:MimeFileType.#text:§flux_flottille_2_conser.zip,flux_flottille_2_conser.zip,gmd:distributionInfo£gmd:MD_Distribution£gmd:transferOptions£gmd:MD_DigitalTransferOptions£gmd:onLine£gmd:CI_OnlineResource£gmd:name£gmx:MimeFileType£#text:,gmd:distributionInfo,gmd:MD_Distribution,gmd:transferOptions,gmd:MD_DigitalTransferOptions,gmd:onLine,gmd:CI_OnlineResource,gmd:name,gmx:MimeFileType,#text:,,,,
195,gmd:distributionInfo.gmd:MD_Distribution.gmd:transferOptions.gmd:MD_DigitalTransferOptions.gmd:onLine.gmd:CI_OnlineResource.gmd:description.gco:CharacterString.@xmlns:gco:§http://www.isotc211.org/2005/gco,http://www.isotc211.org/2005/gco,gmd:distributionInfo£gmd:MD_Distribution£gmd:transferOptions£gmd:MD_DigitalTransferOptions£gmd:onLine£gmd:CI_OnlineResource£gmd:description£gco:CharacterString£@xmlns:gco:,gmd:distributionInfo,gmd:MD_Distribution,gmd:transferOptions,gmd:MD_DigitalTransferOptions,gmd:onLine,gmd:CI_OnlineResource,gmd:description,gco:CharacterString,@xmlns:gco:,,,,
196,gmd:distributionInfo.gmd:MD_Distribution.gmd:transferOptions.gmd:MD_DigitalTransferOptions.gmd:onLine.gmd:CI_OnlineResource.gmd:description.gco:CharacterString.#text:§Téléchargement du shapefile,Téléchargement du shapefile,gmd:distributionInfo£gmd:MD_Distribution£gmd:transferOptions£gmd:MD_DigitalTransferOptions£gmd:onLine£gmd:CI_OnlineResource£gmd:description£gco:CharacterString£#text:,gmd:distributionInfo,gmd:MD_Distribution,gmd:transferOptions,gmd:MD_DigitalTransferOptions,gmd:onLine,gmd:CI_OnlineResource,gmd:description,gco:CharacterString,#text:,,,,
197,gmd:distributionInfo.gmd:MD_Distribution.gmd:transferOptions.gmd:MD_DigitalTransferOptions.gmd:onLine.gmd:CI_OnlineResource.gmd:linkage.gmd:URL:§https://portail.indigeo.fr/geoserver/LEMAR/wms,https://portail.indigeo.fr/geoserver/LEMAR/wms,gmd:distributionInfo£gmd:MD_Distribution£gmd:transferOptions£gmd:MD_DigitalTransferOptions£gmd:onLine£gmd:CI_OnlineResource£gmd:linkage£gmd:URL:,gmd:distributionInfo,gmd:MD_Distribution,gmd:transferOptions,gmd:MD_DigitalTransferOptions,gmd:onLine,gmd:CI_OnlineResource,gmd:linkage,gmd:URL:,,,,,
198,gmd:distributionInfo.gmd:MD_Distribution.gmd:transferOptions.gmd:MD_DigitalTransferOptions.gmd:onLine.gmd:CI_OnlineResource.gmd:protocol.gco:CharacterString.@xmlns:gco:§http://www.isotc211.org/2005/gco,http://www.isotc211.org/2005/gco,gmd:distributionInfo£gmd:MD_Distribution£gmd:transferOptions£gmd:MD_DigitalTransferOptions£gmd:onLine£gmd:CI_OnlineResource£gmd:protocol£gco:CharacterString£@xmlns:gco:,gmd:distributionInfo,gmd:MD_Distribution,gmd:transferOptions,gmd:MD_DigitalTransferOptions,gmd:onLine,gmd:CI_OnlineResource,gmd:protocol,gco:CharacterString,@xmlns:gco:,,,,
199,gmd:distributionInfo.gmd:MD_Distribution.gmd:transferOptions.gmd:MD_DigitalTransferOptions.gmd:onLine.gmd:CI_OnlineResource.gmd:protocol.gco:CharacterString.#text:§OGC:WMS,OGC:WMS,gmd:distributionInfo£gmd:MD_Distribution£gmd:transferOptions£gmd:MD_DigitalTransferOptions£gmd:onLine£gmd:CI_OnlineResource£gmd:protocol£gco:CharacterString£#text:,gmd:distributionInfo,gmd:MD_Distribution,gmd:transferOptions,gmd:MD_DigitalTransferOptions,gmd:onLine,gmd:CI_OnlineResource,gmd:protocol,gco:CharacterString,#text:,,,,
200,gmd:distributionInfo.gmd:MD_Distribution.gmd:transferOptions.gmd:MD_DigitalTransferOptions.gmd:onLine.gmd:CI_OnlineResource.gmd:name.gco:CharacterString.@xmlns:gco:§http://www.isotc211.org/2005/gco,http://www.isotc211.org/2005/gco,gmd:distributionInfo£gmd:MD_Distribution£gmd:transferOptions£gmd:MD_DigitalTransferOptions£gmd:onLine£gmd:CI_OnlineResource£gmd:name£gco:CharacterString£@xmlns:gco:,gmd:distributionInfo,gmd:MD_Distribution,gmd:transferOptions,gmd:MD_DigitalTransferOptions,gmd:onLine,gmd:CI_OnlineResource,gmd:name,gco:CharacterString,@xmlns:gco:,,,,
201,gmd:distributionInfo.gmd:MD_Distribution.gmd:transferOptions.gmd:MD_DigitalTransferOptions.gmd:onLine.gmd:CI_OnlineResource.gmd:name.gco:CharacterString.#text:§flux_flottille_2_conser,flux_flottille_2_conser,gmd:distributionInfo£gmd:MD_Distribution£gmd:transferOptions£gmd:MD_DigitalTransferOptions£gmd:onLine£gmd:CI_OnlineResource£gmd:name£gco:CharacterString£#text:,gmd:distributionInfo,gmd:MD_Distribution,gmd:transferOptions,gmd:MD_DigitalTransferOptions,gmd:onLine,gmd:CI_OnlineResource,gmd:name,gco:CharacterString,#text:,,,,
202,gmd:distributionInfo.gmd:MD_Distribution.gmd:transferOptions.gmd:MD_DigitalTransferOptions.gmd:onLine.gmd:CI_OnlineResource.gmd:description.gco:CharacterString.@xmlns:gco:§http://www.isotc211.org/2005/gco,http://www.isotc211.org/2005/gco,gmd:distributionInfo£gmd:MD_Distribution£gmd:transferOptions£gmd:MD_DigitalTransferOptions£gmd:onLine£gmd:CI_OnlineResource£gmd:description£gco:CharacterString£@xmlns:gco:,gmd:distributionInfo,gmd:MD_Distribution,gmd:transferOptions,gmd:MD_DigitalTransferOptions,gmd:onLine,gmd:CI_OnlineResource,gmd:description,gco:CharacterString,@xmlns:gco:,,,,
203,gmd:distributionInfo.gmd:MD_Distribution.gmd:transferOptions.gmd:MD_DigitalTransferOptions.gmd:onLine.gmd:CI_OnlineResource.gmd:description.gco:CharacterString.#text:§Estimation du volume débarqué de sardines destinées à la transformation en conserves au Maroc (2012) - flottille de type 'RSW' (WMS),Estimation du volume débarqué de sardines destinées à la transformation en conserves au Maroc (2012) - flottille de type 'RSW' (WMS),gmd:distributionInfo£gmd:MD_Distribution£gmd:transferOptions£gmd:MD_DigitalTransferOptions£gmd:onLine£gmd:CI_OnlineResource£gmd:description£gco:CharacterString£#text:,gmd:distributionInfo,gmd:MD_Distribution,gmd:transferOptions,gmd:MD_DigitalTransferOptions,gmd:onLine,gmd:CI_OnlineResource,gmd:description,gco:CharacterString,#text:,,,,
204,gmd:distributionInfo.gmd:MD_Distribution.gmd:transferOptions.gmd:MD_DigitalTransferOptions.gmd:onLine.gmd:CI_OnlineResource.gmd:linkage.gmd:URL:§https://portail.indigeo.fr/geoserver/LEMAR/wfs,https://portail.indigeo.fr/geoserver/LEMAR/wfs,gmd:distributionInfo£gmd:MD_Distribution£gmd:transferOptions£gmd:MD_DigitalTransferOptions£gmd:onLine£gmd:CI_OnlineResource£gmd:linkage£gmd:URL:,gmd:distributionInfo,gmd:MD_Distribution,gmd:transferOptions,gmd:MD_DigitalTransferOptions,gmd:onLine,gmd:CI_OnlineResource,gmd:linkage,gmd:URL:,,,,,
205,gmd:distributionInfo.gmd:MD_Distribution.gmd:transferOptions.gmd:MD_DigitalTransferOptions.gmd:onLine.gmd:CI_OnlineResource.gmd:protocol.gco:CharacterString.@xmlns:gco:§http://www.isotc211.org/2005/gco,http://www.isotc211.org/2005/gco,gmd:distributionInfo£gmd:MD_Distribution£gmd:transferOptions£gmd:MD_DigitalTransferOptions£gmd:onLine£gmd:CI_OnlineResource£gmd:protocol£gco:CharacterString£@xmlns:gco:,gmd:distributionInfo,gmd:MD_Distribution,gmd:transferOptions,gmd:MD_DigitalTransferOptions,gmd:onLine,gmd:CI_OnlineResource,gmd:protocol,gco:CharacterString,@xmlns:gco:,,,,
206,gmd:distributionInfo.gmd:MD_Distribution.gmd:transferOptions.gmd:MD_DigitalTransferOptions.gmd:onLine.gmd:CI_OnlineResource.gmd:protocol.gco:CharacterString.#text:§OGC:WFS,OGC:WFS,gmd:distributionInfo£gmd:MD_Distribution£gmd:transferOptions£gmd:MD_DigitalTransferOptions£gmd:onLine£gmd:CI_OnlineResource£gmd:protocol£gco:CharacterString£#text:,gmd:distributionInfo,gmd:MD_Distribution,gmd:transferOptions,gmd:MD_DigitalTransferOptions,gmd:onLine,gmd:CI_OnlineResource,gmd:protocol,gco:CharacterString,#text:,,,,
207,gmd:distributionInfo.gmd:MD_Distribution.gmd:transferOptions.gmd:MD_DigitalTransferOptions.gmd:onLine.gmd:CI_OnlineResource.gmd:name.gco:CharacterString.@xmlns:gco:§http://www.isotc211.org/2005/gco,http://www.isotc211.org/2005/gco,gmd:distributionInfo£gmd:MD_Distribution£gmd:transferOptions£gmd:MD_DigitalTransferOptions£gmd:onLine£gmd:CI_OnlineResource£gmd:name£gco:CharacterString£@xmlns:gco:,gmd:distributionInfo,gmd:MD_Distribution,gmd:transferOptions,gmd:MD_DigitalTransferOptions,gmd:onLine,gmd:CI_OnlineResource,gmd:name,gco:CharacterString,@xmlns:gco:,,,,
208,gmd:distributionInfo.gmd:MD_Distribution.gmd:transferOptions.gmd:MD_DigitalTransferOptions.gmd:onLine.gmd:CI_OnlineResource.gmd:name.gco:CharacterString.#text:§flux_flottille_2_conser,flux_flottille_2_conser,gmd:distributionInfo£gmd:MD_Distribution£gmd:transferOptions£gmd:MD_DigitalTransferOptions£gmd:onLine£gmd:CI_OnlineResource£gmd:name£gco:CharacterString£#text:,gmd:distributionInfo,gmd:MD_Distribution,gmd:transferOptions,gmd:MD_DigitalTransferOptions,gmd:onLine,gmd:CI_OnlineResource,gmd:name,gco:CharacterString,#text:,,,,
209,gmd:distributionInfo.gmd:MD_Distribution.gmd:transferOptions.gmd:MD_DigitalTransferOptions.gmd:onLine.gmd:CI_OnlineResource.gmd:description.gco:CharacterString.@xmlns:gco:§http://www.isotc211.org/2005/gco,http://www.isotc211.org/2005/gco,gmd:distributionInfo£gmd:MD_Distribution£gmd:transferOptions£gmd:MD_DigitalTransferOptions£gmd:onLine£gmd:CI_OnlineResource£gmd:description£gco:CharacterString£@xmlns:gco:,gmd:distributionInfo,gmd:MD_Distribution,gmd:transferOptions,gmd:MD_DigitalTransferOptions,gmd:onLine,gmd:CI_OnlineResource,gmd:description,gco:CharacterString,@xmlns:gco:,,,,
210,gmd:distributionInfo.gmd:MD_Distribution.gmd:transferOptions.gmd:MD_DigitalTransferOptions.gmd:onLine.gmd:CI_OnlineResource.gmd:description.gco:CharacterString.#text:§Estimation du volume débarqué de sardines destinées à la transformation en conserves au Maroc (2012) - flottille de type 'RSW' (WFS),Estimation du volume débarqué de sardines destinées à la transformation en conserves au Maroc (2012) - flottille de type 'RSW' (WFS),gmd:distributionInfo£gmd:MD_Distribution£gmd:transferOptions£gmd:MD_DigitalTransferOptions£gmd:onLine£gmd:CI_OnlineResource£gmd:description£gco:CharacterString£#text:,gmd:distributionInfo,gmd:MD_Distribution,gmd:transferOptions,gmd:MD_DigitalTransferOptions,gmd:onLine,gmd:CI_OnlineResource,gmd:description,gco:CharacterString,#text:,,,,
211,gmd:dataQualityInfo.@xmlns:gfc:§http://www.isotc211.org/2005/gfc,http://www.isotc211.org/2005/gfc,gmd:dataQualityInfo£@xmlns:gfc:,gmd:dataQualityInfo,@xmlns:gfc:,,,,,,,,,,,
212,gmd:dataQualityInfo.gmd:DQ_DataQuality.gmd:scope.gmd:DQ_Scope.gmd:level.gmd:MD_ScopeCode.@codeList:§http://standards.iso.org/iso/19139/resources/gmxCodelists.xml#MD_ScopeCode,http://standards.iso.org/iso/19139/resources/gmxCodelists.xml#MD_ScopeCode,gmd:dataQualityInfo£gmd:DQ_DataQuality£gmd:scope£gmd:DQ_Scope£gmd:level£gmd:MD_ScopeCode£@codeList:,gmd:dataQualityInfo,gmd:DQ_DataQuality,gmd:scope,gmd:DQ_Scope,gmd:level,gmd:MD_ScopeCode,@codeList:,,,,,,
213,gmd:dataQualityInfo.gmd:DQ_DataQuality.gmd:scope.gmd:DQ_Scope.gmd:level.gmd:MD_ScopeCode.@codeListValue:§dataset,dataset,gmd:dataQualityInfo£gmd:DQ_DataQuality£gmd:scope£gmd:DQ_Scope£gmd:level£gmd:MD_ScopeCode£@codeListValue:,gmd:dataQualityInfo,gmd:DQ_DataQuality,gmd:scope,gmd:DQ_Scope,gmd:level,gmd:MD_ScopeCode,@codeListValue:,,,,,,
214,gmd:dataQualityInfo.gmd:DQ_DataQuality.gmd:report.gmd:DQ_DomainConsistency.gmd:result.gmd:DQ_ConformanceResult.gmd:specification.gmd:CI_Citation.gmd:title.gco:CharacterString.@xmlns:gco:§http://www.isotc211.org/2005/gco,http://www.isotc211.org/2005/gco,gmd:dataQualityInfo£gmd:DQ_DataQuality£gmd:report£gmd:DQ_DomainConsistency£gmd:result£gmd:DQ_ConformanceResult£gmd:specification£gmd:CI_Citation£gmd:title£gco:CharacterString£@xmlns:gco:,gmd:dataQualityInfo,gmd:DQ_DataQuality,gmd:report,gmd:DQ_DomainConsistency,gmd:result,gmd:DQ_ConformanceResult,gmd:specification,gmd:CI_Citation,gmd:title,gco:CharacterString,@xmlns:gco:,,
215,gmd:dataQualityInfo.gmd:DQ_DataQuality.gmd:report.gmd:DQ_DomainConsistency.gmd:result.gmd:DQ_ConformanceResult.gmd:specification.gmd:CI_Citation.gmd:title.gco:CharacterString.#text:§règlement (ue) n o 1089/2010 de la commission du 23 novembre 2010 portant modalités d'application de la directive 2007/2/ce du parlement européen et du conseil en ce qui concerne l'interopérabilité des séries et des services de données géographiques,règlement (ue) n o 1089/2010 de la commission du 23 novembre 2010 portant modalités d'application de la directive 2007/2/ce du parlement européen et du conseil en ce qui concerne l'interopérabilité des séries et des services de données géographiques,gmd:dataQualityInfo£gmd:DQ_DataQuality£gmd:report£gmd:DQ_DomainConsistency£gmd:result£gmd:DQ_ConformanceResult£gmd:specification£gmd:CI_Citation£gmd:title£gco:CharacterString£#text:,gmd:dataQualityInfo,gmd:DQ_DataQuality,gmd:report,gmd:DQ_DomainConsistency,gmd:result,gmd:DQ_ConformanceResult,gmd:specification,gmd:CI_Citation,gmd:title,gco:CharacterString,#text:,,
216,gmd:dataQualityInfo.gmd:DQ_DataQuality.gmd:report.gmd:DQ_DomainConsistency.gmd:result.gmd:DQ_ConformanceResult.gmd:specification.gmd:CI_Citation.gmd:date.gmd:CI_Date.gmd:date.gco:Date.@xmlns:gco:§http://www.isotc211.org/2005/gco,http://www.isotc211.org/2005/gco,gmd:dataQualityInfo£gmd:DQ_DataQuality£gmd:report£gmd:DQ_DomainConsistency£gmd:result£gmd:DQ_ConformanceResult£gmd:specification£gmd:CI_Citation£gmd:date£gmd:CI_Date£gmd:date£gco:Date£@xmlns:gco:,gmd:dataQualityInfo,gmd:DQ_DataQuality,gmd:report,gmd:DQ_DomainConsistency,gmd:result,gmd:DQ_ConformanceResult,gmd:specification,gmd:CI_Citation,gmd:date,gmd:CI_Date,gmd:date,gco:Date,@xmlns:gco:
217,gmd:dataQualityInfo.gmd:DQ_DataQuality.gmd:report.gmd:DQ_DomainConsistency.gmd:result.gmd:DQ_ConformanceResult.gmd:specification.gmd:CI_Citation.gmd:date.gmd:CI_Date.gmd:date.gco:Date.#text:§2013-10-21,2013-10-21,gmd:dataQualityInfo£gmd:DQ_DataQuality£gmd:report£gmd:DQ_DomainConsistency£gmd:result£gmd:DQ_ConformanceResult£gmd:specification£gmd:CI_Citation£gmd:date£gmd:CI_Date£gmd:date£gco:Date£#text:,gmd:dataQualityInfo,gmd:DQ_DataQuality,gmd:report,gmd:DQ_DomainConsistency,gmd:result,gmd:DQ_ConformanceResult,gmd:specification,gmd:CI_Citation,gmd:date,gmd:CI_Date,gmd:date,gco:Date,#text:
218,gmd:dataQualityInfo.gmd:DQ_DataQuality.gmd:report.gmd:DQ_DomainConsistency.gmd:result.gmd:DQ_ConformanceResult.gmd:specification.gmd:CI_Citation.gmd:date.gmd:CI_Date.gmd:dateType.gmd:CI_DateTypeCode.@codeList:§http://standards.iso.org/iso/19139/resources/gmxCodelists.xml#CI_DateTypeCode,http://standards.iso.org/iso/19139/resources/gmxCodelists.xml#CI_DateTypeCode,gmd:dataQualityInfo£gmd:DQ_DataQuality£gmd:report£gmd:DQ_DomainConsistency£gmd:result£gmd:DQ_ConformanceResult£gmd:specification£gmd:CI_Citation£gmd:date£gmd:CI_Date£gmd:dateType£gmd:CI_DateTypeCode£@codeList:,gmd:dataQualityInfo,gmd:DQ_DataQuality,gmd:report,gmd:DQ_DomainConsistency,gmd:result,gmd:DQ_ConformanceResult,gmd:specification,gmd:CI_Citation,gmd:date,gmd:CI_Date,gmd:dateType,gmd:CI_DateTypeCode,@codeList:
219,gmd:dataQualityInfo.gmd:DQ_DataQuality.gmd:report.gmd:DQ_DomainConsistency.gmd:result.gmd:DQ_ConformanceResult.gmd:specification.gmd:CI_Citation.gmd:date.gmd:CI_Date.gmd:dateType.gmd:CI_DateTypeCode.@codeListValue:§publication,publication,gmd:dataQualityInfo£gmd:DQ_DataQuality£gmd:report£gmd:DQ_DomainConsistency£gmd:result£gmd:DQ_ConformanceResult£gmd:specification£gmd:CI_Citation£gmd:date£gmd:CI_Date£gmd:dateType£gmd:CI_DateTypeCode£@codeListValue:,gmd:dataQualityInfo,gmd:DQ_DataQuality,gmd:report,gmd:DQ_DomainConsistency,gmd:result,gmd:DQ_ConformanceResult,gmd:specification,gmd:CI_Citation,gmd:date,gmd:CI_Date,gmd:dateType,gmd:CI_DateTypeCode,@codeListValue:
220,gmd:dataQualityInfo.gmd:DQ_DataQuality.gmd:report.gmd:DQ_DomainConsistency.gmd:result.gmd:DQ_ConformanceResult.gmd:explanation.gco:CharacterString.@xmlns:gco:§http://www.isotc211.org/2005/gco,http://www.isotc211.org/2005/gco,gmd:dataQualityInfo£gmd:DQ_DataQuality£gmd:report£gmd:DQ_DomainConsistency£gmd:result£gmd:DQ_ConformanceResult£gmd:explanation£gco:CharacterString£@xmlns:gco:,gmd:dataQualityInfo,gmd:DQ_DataQuality,gmd:report,gmd:DQ_DomainConsistency,gmd:result,gmd:DQ_ConformanceResult,gmd:explanation,gco:CharacterString,@xmlns:gco:,,,,
221,"gmd:dataQualityInfo.gmd:DQ_DataQuality.gmd:report.gmd:DQ_DomainConsistency.gmd:result.gmd:DQ_ConformanceResult.gmd:explanation.gco:CharacterString.#text:§L’article 7, paragraphe 1, de la directive 2007/2/CE correspond aux modalités techniques de
l’interopérabilité : il s’agit du règlement relatif à l’interopérabilité : règlement n°1253/2013 du
21 octobre 2013 modifiant et complétant le règlement n°1089/2010 du 23 novembre 2010","L’article 7, paragraphe 1, de la directive 2007/2/CE correspond aux modalités techniques de
l’interopérabilité : il s’agit du règlement relatif à l’interopérabilité : règlement n°1253/2013 du
21 octobre 2013 modifiant et complétant le règlement n°1089/2010 du 23 novembre 2010",gmd:dataQualityInfo£gmd:DQ_DataQuality£gmd:report£gmd:DQ_DomainConsistency£gmd:result£gmd:DQ_ConformanceResult£gmd:explanation£gco:CharacterString£#text:,gmd:dataQualityInfo,gmd:DQ_DataQuality,gmd:report,gmd:DQ_DomainConsistency,gmd:result,gmd:DQ_ConformanceResult,gmd:explanation,gco:CharacterString,#text:,,,,
222,gmd:dataQualityInfo.gmd:DQ_DataQuality.gmd:report.gmd:DQ_DomainConsistency.gmd:result.gmd:DQ_ConformanceResult.gmd:pass.gco:Boolean.@xmlns:gco:§http://www.isotc211.org/2005/gco,http://www.isotc211.org/2005/gco,gmd:dataQualityInfo£gmd:DQ_DataQuality£gmd:report£gmd:DQ_DomainConsistency£gmd:result£gmd:DQ_ConformanceResult£gmd:pass£gco:Boolean£@xmlns:gco:,gmd:dataQualityInfo,gmd:DQ_DataQuality,gmd:report,gmd:DQ_DomainConsistency,gmd:result,gmd:DQ_ConformanceResult,gmd:pass,gco:Boolean,@xmlns:gco:,,,,
223,gmd:dataQualityInfo.gmd:DQ_DataQuality.gmd:report.gmd:DQ_DomainConsistency.gmd:result.gmd:DQ_ConformanceResult.gmd:pass.gco:Boolean.#text:§true,true,gmd:dataQualityInfo£gmd:DQ_DataQuality£gmd:report£gmd:DQ_DomainConsistency£gmd:result£gmd:DQ_ConformanceResult£gmd:pass£gco:Boolean£#text:,gmd:dataQualityInfo,gmd:DQ_DataQuality,gmd:report,gmd:DQ_DomainConsistency,gmd:result,gmd:DQ_ConformanceResult,gmd:pass,gco:Boolean,#text:,,,,
224,gmd:dataQualityInfo.gmd:DQ_DataQuality.gmd:lineage.gmd:LI_Lineage.gmd:statement.gco:CharacterString.@xmlns:gco:§http://www.isotc211.org/2005/gco,http://www.isotc211.org/2005/gco,gmd:dataQualityInfo£gmd:DQ_DataQuality£gmd:lineage£gmd:LI_Lineage£gmd:statement£gco:CharacterString£@xmlns:gco:,gmd:dataQualityInfo,gmd:DQ_DataQuality,gmd:lineage,gmd:LI_Lineage,gmd:statement,gco:CharacterString,@xmlns:gco:,,,,,,
225,gmd:dataQualityInfo.gmd:DQ_DataQuality.gmd:lineage.gmd:LI_Lineage.gmd:statement.gco:CharacterString.#text:§L'estimation du volume (en tonnes) débarqué de sardines destinées à la transformation en conserves au Maroc (2012) en secteur atlantique avec une flottille de type 'RSW',L'estimation du volume (en tonnes) débarqué de sardines destinées à la transformation en conserves au Maroc (2012) en secteur atlantique avec une flottille de type 'RSW',gmd:dataQualityInfo£gmd:DQ_DataQuality£gmd:lineage£gmd:LI_Lineage£gmd:statement£gco:CharacterString£#text:,gmd:dataQualityInfo,gmd:DQ_DataQuality,gmd:lineage,gmd:LI_Lineage,gmd:statement,gco:CharacterString,#text:,,,,,,
226,,,,,,,,,,,,,,,,
